01-May-2015,00:00,01-May-2015,00:15,Maharashtra,Navi Mumbai,Airoli, Navi Mumbai - MPCB,0.06,195.13,,,,81.01,,,,,107.55,29.28,,,25.68,1.14,,,,,,,,,,,,,16.57,28.92,,,,,,,,,
01-May-2015,00:15,01-May-2015,00:30,Maharashtra,Navi Mumbai,Airoli, Navi Mumbai - MPCB,,,,,,80.69,,,,,90.25,24.79,,,25.56,1.14,,,,,,,,,,,,,16.57,29.2,,,,,,,,,
01-May-2015,00:30,01-May-2015,00:45,Maharashtra,Navi Mumbai,Airoli, Navi Mumbai - MPCB,,,,,,80.87,,,,,74.12,20.59,,,25.21,1.18,,,,,,,,,,,,,15.83,29.1,,,,,,,,,
01-May-2015,00:45,01-May-2015,01:00,Maharashtra,Navi Mumbai,Airoli, Navi Mumbai - MPCB,,,,,,81.56,,,,,50.3,14.4,,,25.43,1.15,,,,,,,,,,,,,15.3,28.95,,,,,,,,,
01-May-2015,01:00,01-May-2015,01:15,Maharashtra,Navi Mumbai,Airoli, Navi Mumbai - MPCB,,,,,,82.17,,,,,42.53,12.38,,,25.36,1.16,,,,,,,,,,,,,15.53,28.8,,,,,,,,,
01-May-2015,01:15,01-May-2015,01:30,Maharashtra,Navi Mumbai,Airoli, Navi Mumbai - MPCB,,,,,,83.11,,,,,52.04,14.85,,,25.18,1.18,,,,,,,,,,,,,15.18,28.64,,,,,,,,,
01-May-2015,01:30,01-May-2015,01:45,Maharashtra,Navi Mumbai,Airoli, Navi Mumbai - MPCB,,,,,,83.8,,,,,61.23,17.24,,,25.45,1.17,,,,,,,,,,,,,15.75,28.42,,,,,,,,,
01-May-2015,01:45,01-May-2015,02:00,Maharashtra,Navi Mumbai,Airoli, Navi Mumbai - MPCB,,,,,,84.37,,,,,66.73,18.67,,,25.38,1.17,,,,,,,,,,,,,15.63,28.29,,,,,,,,,
01-May-2015,02:00,01-May-2015,02:15,Maharashtra,Navi Mumbai,Airoli, Navi Mumbai - MPCB,,,,,,84.88,,,,,79.88,22.09,,,25.4,1.18,,,,,,,,,,,,,16.17,28.15,,,,,,,,,
01-May-2015,02:15,01-May-2015,02:30,Maharashtra,Navi Mumbai,Airoli, Navi Mumbai - MPCB,,,,,,85.37,,,,,81.02,22.39,,,25.09,1.16,,,,,,,,,,,,,16.64,28.03,,,,,,,,,
01-May-2015,02:30,01-May-2015,02:45,Maharashtra,Navi Mumbai,Airoli, Navi Mumbai - MPCB,,,,,,85.86,,,,,72.32,20.12,,,25.17,1.17,,,,,,,,,,,,,17.61,27.91,,,,,,,,,
01-May-2015,02:45,01-May-2015,03:00,Maharashtra,Navi Mumbai,Airoli, Navi Mumbai - MPCB,,,,,,86.26,,,,,52.66,15.01,,,25.42,1.17,,,,,,,,,,,,,17.54,27.84,,,,,,,,,
01-May-2015,03:00,01-May-2015,03:15,Maharashtra,Navi Mumbai,Airoli, Navi Mumbai - MPCB,,,,,,86.42,,,,,62.07,17.46,,,25.28,1.19,,,,,,,,,,,,,17.98,27.78,,,,,,,,,
01-May-2015,03:15,01-May-2015,03:30,Maharashtra,Navi Mumbai,Airoli, Navi Mumbai - MPCB,,,,,,86.41,,,,,82.74,22.83,,,25.19,1.16,,,,,,,,,,,,,18.99,27.8,,,,,,,,,
01-May-2015,03:30,01-May-2015,03:45,Maharashtra,Navi Mumbai,Airoli, Navi Mumbai - MPCB,,,,,,86.43,,,,,87.87,24.17,,,25.24,1.17,,,,,,,,,,,,,19.13,27.8,,,,,,,,,
01-May-2015,03:45,01-May-2015,04:00,Maharashtra,Navi Mumbai,Airoli, Navi Mumbai - MPCB,,,,,,86.58,,,,,81.75,22.57,,,25.42,1.2,,,,,,,,,,,,,18.99,27.81,,,,,,,,,
01-May-2015,04:00,01-May-2015,04:15,Maharashtra,Navi Mumbai,Airoli, Navi Mumbai - MPCB,,,,,,86.66,,,,,58.73,16.59,,,25.35,1.18,,,,,,,,,,,,,20.09,27.91,,,,,,,,,
01-May-2015,04:15,01-May-2015,04:30,Maharashtra,Navi Mumbai,Airoli, Navi Mumbai - MPCB,,,,,,86.52,,,,,52.46,14.96,,,25.21,1.17,,,,,,,,,,,,,21.87,27.99,,,,,,,,,
01-May-2015,04:30,01-May-2015,04:45,Maharashtra,Navi Mumbai,Airoli, Navi Mumbai - MPCB,,,,,,86.22,,,,,36.41,10.79,,,25.24,1.18,,,,,,,,,,,,,22.08,27.97,,,,,,,,,
01-May-2015,04:45,01-May-2015,05:00,Maharashtra,Navi Mumbai,Airoli, Navi Mumbai - MPCB,,,,,,86.16,,,,,27.93,8.58,,,25.34,1.16,,,,,,,,,,,,,20.98,27.89,,,,,,,,,
01-May-2015,05:00,01-May-2015,05:15,Maharashtra,Navi Mumbai,Airoli, Navi Mumbai - MPCB,,,,,,86.51,,,,,58.68,16.58,,,25.34,1.09,,,,,,,,,,,,,22.79,27.85,,,,,,,,,
01-May-2015,05:15,01-May-2015,05:30,Maharashtra,Navi Mumbai,Airoli, Navi Mumbai - MPCB,,,,,,86.84,,,,,62.57,17.59,,,25.51,1.13,,,,,,,,,,,,,24.19,27.76,,,,,,,,,
01-May-2015,05:30,01-May-2015,05:45,Maharashtra,Navi Mumbai,Airoli, Navi Mumbai - MPCB,,,,,,87.17,,,,,39.91,11.7,,,25.48,1.14,,,,,,,,,,,,,26.52,27.71,,,,,,,,,
01-May-2015,05:45,01-May-2015,06:00,Maharashtra,Navi Mumbai,Airoli, Navi Mumbai - MPCB,,,,,,87.18,,,,,3.75,1.57,,,25.82,1.12,,,,,,,,,,,,,27.9,27.81,,,,,,,,,
01-May-2015,06:00,01-May-2015,06:15,Maharashtra,Navi Mumbai,Airoli, Navi Mumbai - MPCB,,,,,,86.85,,,,,9.75,3.39,,,25.71,1.14,,,,,,,,,,,,,28.87,27.9,,,,,,,,,
01-May-2015,06:15,01-May-2015,06:30,Maharashtra,Navi Mumbai,Airoli, Navi Mumbai - MPCB,,,,,,86.66,,,,,32.84,9.86,,,25.99,1.14,,,,,,,,,,,,,28.65,27.94,,,,,,,,,
01-May-2015,06:30,01-May-2015,06:45,Maharashtra,Navi Mumbai,Airoli, Navi Mumbai - MPCB,,,,,,86.26,,,,,44.43,12.87,,,36.66,1.18,,,,,,,,,,,,,22.0,28.0,,,,,,,,,
01-May-2015,06:45,01-May-2015,07:00,Maharashtra,Navi Mumbai,Airoli, Navi Mumbai - MPCB,,,,,,86.11,7.83,,,,48.51,13.93,,,32.23,1.17,,,,,,,,,,,,,25.98,28.07,,,,,,,,,
01-May-2015,07:00,01-May-2015,07:15,Maharashtra,Navi Mumbai,Airoli, Navi Mumbai - MPCB,,,,,,85.31,25.87,,,,18.66,6.17,,,28.8,1.2,,,,,,,,,,,,,28.24,28.24,,,,,,,,,
01-May-2015,07:15,01-May-2015,07:30,Maharashtra,Navi Mumbai,Airoli, Navi Mumbai - MPCB,,,,,,83.72,56.29,,,,10.34,5.52,,,26.98,1.23,,,,,,,,,,,,,26.95,28.54,,,,,,,,,
01-May-2015,07:30,01-May-2015,07:45,Maharashtra,Navi Mumbai,Airoli, Navi Mumbai - MPCB,,,,,,80.88,84.27,,,,31.76,9.58,,,26.26,1.26,,,,,,,,,,,,,26.3,28.97,,,,,,,,,
01-May-2015,07:45,01-May-2015,08:00,Maharashtra,Navi Mumbai,Airoli, Navi Mumbai - MPCB,0.08,25.92,,,,77.8,188.3,,,,89.4,24.56,,,26.25,1.26,,,,,,,,,,,,,24.72,29.33,,,,,,,,,
01-May-2015,08:00,01-May-2015,08:15,Maharashtra,Navi Mumbai,Airoli, Navi Mumbai - MPCB,0.14,56.42,,,,74.53,208.14,,,,101.68,27.76,,,25.72,1.24,,,,,,,,,,,,,22.54,30.1,,,,,,,,,
01-May-2015,08:15,01-May-2015,08:30,Maharashtra,Navi Mumbai,Airoli, Navi Mumbai - MPCB,0.19,243.07,,,,72.78,164.8,,,,84.85,23.38,,,25.52,1.22,,,,,,,,,,,,,22.23,30.29,,,,,,,,,
01-May-2015,08:30,01-May-2015,08:45,Maharashtra,Navi Mumbai,Airoli, Navi Mumbai - MPCB,0.08,219.33,,,,72.76,136.5,,,,71.94,20.02,,,25.29,1.24,,,,,,,,,,,,,20.89,29.89,,,,,,,,,
01-May-2015,08:45,01-May-2015,09:00,Maharashtra,Navi Mumbai,Airoli, Navi Mumbai - MPCB,0.06,271.86,,,,71.87,353.59,,,,62.87,17.67,,,25.62,1.24,,,,,,,,,,,,,19.29,30.29,,,,,,,,,
01-May-2015,09:00,01-May-2015,09:15,Maharashtra,Navi Mumbai,Airoli, Navi Mumbai - MPCB,0.03,260.98,,,,67.71,430.76,,,,43.59,12.65,,,25.24,1.28,,,,,,,,,,,,,18.16,31.37,,,,,,,,,
01-May-2015,09:15,01-May-2015,09:30,Maharashtra,Navi Mumbai,Airoli, Navi Mumbai - MPCB,0.54,210.47,,,,67.05,362.1,,,,49.32,14.14,,,25.27,1.23,,,,,,,,,,,,,16.92,31.49,,,,,,,,,
01-May-2015,09:30,01-May-2015,09:45,Maharashtra,Navi Mumbai,Airoli, Navi Mumbai - MPCB,0.04,316.64,,,,66.51,489.33,,,,57.35,16.23,,,25.29,1.27,,,,,,,,,,,,,15.57,31.7,,,,,,,,,
01-May-2015,09:45,01-May-2015,10:00,Maharashtra,Navi Mumbai,Airoli, Navi Mumbai - MPCB,0.12,249.11,,,,63.74,405.39,,,,65.51,18.35,,,25.44,1.25,,,,,,,,,,,,,14.87,32.71,,,,,,,,,
01-May-2015,10:00,01-May-2015,10:15,Maharashtra,Navi Mumbai,Airoli, Navi Mumbai - MPCB,0.15,226.15,,,,65.32,425.62,,,,51.19,14.63,,,25.4,1.23,,,,,,,,,,,,,13.52,32.05,,,,,,,,,
01-May-2015,10:15,01-May-2015,10:30,Maharashtra,Navi Mumbai,Airoli, Navi Mumbai - MPCB,0.12,283.48,,,,63.94,557.42,,,,43.68,12.68,,,25.26,1.24,,,,,,,,,,,,,12.97,32.52,,,,,,,,,
01-May-2015,10:30,01-May-2015,10:45,Maharashtra,Navi Mumbai,Airoli, Navi Mumbai - MPCB,0.74,238.1,,,,65.41,511.79,,,,54.91,15.6,,,25.23,1.25,,,,,,,,,,,,,12.27,32.26,,,,,,,,,
01-May-2015,10:45,01-May-2015,11:00,Maharashtra,Navi Mumbai,Airoli, Navi Mumbai - MPCB,0.51,207.06,,,,64.61,620.8,,,,82.16,22.68,,,25.02,1.23,,,,,,,,,,,,,11.52,32.65,,,,,,,,,
01-May-2015,11:00,01-May-2015,11:15,Maharashtra,Navi Mumbai,Airoli, Navi Mumbai - MPCB,0.68,255.27,,,,63.62,650.42,,,,91.02,24.98,,,25.23,1.26,,,,,,,,,,,,,11.33,33.02,,,,,,,,,
01-May-2015,11:15,01-May-2015,11:30,Maharashtra,Navi Mumbai,Airoli, Navi Mumbai - MPCB,0.65,245.81,,,,62.42,679.72,,,,80.31,22.2,,,25.25,1.26,,,,,,,,,,,,,10.51,33.09,,,,,,,,,
01-May-2015,11:30,01-May-2015,11:45,Maharashtra,Navi Mumbai,Airoli, Navi Mumbai - MPCB,0.61,232.5,,,,61.04,710.55,,,,66.01,18.48,,,25.09,1.25,,,,,,,,,,,,,9.72,33.42,,,,,,,,,
01-May-2015,11:45,01-May-2015,12:00,Maharashtra,Navi Mumbai,Airoli, Navi Mumbai - MPCB,0.41,249.31,,,,59.78,735.0,,,,52.62,15.0,,,25.02,1.23,,,,,,,,,,,,,9.54,33.78,,,,,,,,,
01-May-2015,12:00,01-May-2015,12:15,Maharashtra,Navi Mumbai,Airoli, Navi Mumbai - MPCB,0.87,255.42,,,,56.76,754.26,,,,37.72,11.13,,,25.14,1.22,,,,,,,,,,,,,8.83,34.35,,,,,,,,,
01-May-2015,12:15,01-May-2015,12:30,Maharashtra,Navi Mumbai,Airoli, Navi Mumbai - MPCB,1.21,245.96,,,,57.62,733.08,,,,49.54,14.2,,,25.05,1.25,,,,,,,,,,,,,8.84,34.15,,,,,,,,,
01-May-2015,12:30,01-May-2015,12:45,Maharashtra,Navi Mumbai,Airoli, Navi Mumbai - MPCB,0.34,274.23,,,,55.59,782.83,,,,60.19,16.97,,,25.02,1.25,,,,,,,,,,,,,7.79,34.88,,,,,,,,,
01-May-2015,12:45,01-May-2015,13:00,Maharashtra,Navi Mumbai,Airoli, Navi Mumbai - MPCB,0.5,270.17,,,,55.23,791.27,,,,61.44,17.29,,,25.05,1.25,,,,,,,,,,,,,7.35,34.87,,,,,,,,,
01-May-2015,13:00,01-May-2015,13:15,Maharashtra,Navi Mumbai,Airoli, Navi Mumbai - MPCB,1.27,244.32,,,,54.95,774.77,,,,36.52,10.81,,,25.15,1.2,,,,,,,,,,,,,7.21,34.81,,,,,,,,,
01-May-2015,13:15,01-May-2015,13:30,Maharashtra,Navi Mumbai,Airoli, Navi Mumbai - MPCB,1.14,259.71,,,,54.97,750.6,,,,81.4,22.48,,,25.36,1.22,,,,,,,,,,,,,6.59,34.7,,,,,,,,,
01-May-2015,13:30,01-May-2015,13:45,Maharashtra,Navi Mumbai,Airoli, Navi Mumbai - MPCB,1.04,238.15,,,,54.77,716.98,,,,82.36,22.73,,,25.35,1.16,,,,,,,,,,,,,6.81,34.69,,,,,,,,,
01-May-2015,13:45,01-May-2015,14:00,Maharashtra,Navi Mumbai,Airoli, Navi Mumbai - MPCB,0.73,241.58,,,,53.94,688.69,,,,25.56,7.71,,,25.38,1.18,,,,,,,,,,,,,8.02,34.77,,,,,,,,,
01-May-2015,14:00,01-May-2015,14:15,Maharashtra,Navi Mumbai,Airoli, Navi Mumbai - MPCB,0.44,260.69,,,,51.84,649.74,,,,,,,,25.56,1.17,,,,,,,,,,,,,8.67,35.11,,,,,,,,,
01-May-2015,14:15,01-May-2015,14:30,Maharashtra,Navi Mumbai,Airoli, Navi Mumbai - MPCB,0.85,244.1,,,,51.11,606.95,,,,,,,,25.64,1.14,,,,,,,,,,,,,9.11,35.57,,,,,,,,,
01-May-2015,14:30,01-May-2015,14:45,Maharashtra,Navi Mumbai,Airoli, Navi Mumbai - MPCB,0.44,236.54,,,,50.72,492.86,,,,0.03,0.18,,,25.69,1.18,,,,,,,,,,,,,9.49,35.71,,,,,,,,,
01-May-2015,14:45,01-May-2015,15:00,Maharashtra,Navi Mumbai,Airoli, Navi Mumbai - MPCB,1.13,221.1,,,,52.94,366.27,,,,7.36,3.23,,,26.01,1.16,,,,,,,,,,,,,10.12,35.3,,,,,,,,,
01-May-2015,15:00,01-May-2015,15:15,Maharashtra,Navi Mumbai,Airoli, Navi Mumbai - MPCB,0.77,226.86,,,,54.53,208.44,,,,10.45,4.04,,,25.84,1.36,,,,,,,,,,,,,9.72,34.97,,,,,,,,,
01-May-2015,15:15,01-May-2015,15:30,Maharashtra,Navi Mumbai,Airoli, Navi Mumbai - MPCB,1.15,246.0,,,,54.93,135.67,,,,40.46,11.84,,,25.96,1.18,,,,,,,,,,,,,9.8,34.92,,,,,,,,,
01-May-2015,15:30,01-May-2015,15:45,Maharashtra,Navi Mumbai,Airoli, Navi Mumbai - MPCB,0.95,228.98,,,,55.36,94.83,,,,49.44,14.17,,,26.2,1.19,,,,,,,,,,,,,9.7,34.84,,,,,,,,,
01-May-2015,15:45,01-May-2015,16:00,Maharashtra,Navi Mumbai,Airoli, Navi Mumbai - MPCB,1.61,242.52,,,,56.05,94.03,,,,55.31,15.7,,,26.13,1.18,,,,,,,,,,,,,9.44,34.57,,,,,,,,,
01-May-2015,16:00,01-May-2015,16:15,Maharashtra,Navi Mumbai,Airoli, Navi Mumbai - MPCB,1.23,240.36,,,,56.75,135.46,,,,38.55,11.34,,,25.99,1.16,,,,,,,,,,,,,10.19,34.24,,,,,,,,,
01-May-2015,16:15,01-May-2015,16:30,Maharashtra,Navi Mumbai,Airoli, Navi Mumbai - MPCB,0.67,232.96,,,,58.39,58.17,,,,48.3,13.88,,,26.17,1.18,,,,,,,,,,,,,9.92,34.04,,,,,,,,,
01-May-2015,16:30,01-May-2015,16:45,Maharashtra,Navi Mumbai,Airoli, Navi Mumbai - MPCB,0.78,217.8,,,,58.24,81.83,,,,56.22,15.94,,,26.26,1.21,,,,,,,,,,,,,9.98,34.03,,,,,,,,,
01-May-2015,16:45,01-May-2015,17:00,Maharashtra,Navi Mumbai,Airoli, Navi Mumbai - MPCB,0.36,250.65,,,,57.98,45.79,,,,68.88,19.23,,,25.86,1.16,,,,,,,,,,,,,10.06,33.78,,,,,,,,,
01-May-2015,17:00,01-May-2015,17:15,Maharashtra,Navi Mumbai,Airoli, Navi Mumbai - MPCB,0.55,215.16,,,,58.24,36.93,,,,59.66,16.83,,,26.16,1.16,,,,,,,,,,,,,10.71,33.72,,,,,,,,,
01-May-2015,17:15,01-May-2015,17:30,Maharashtra,Navi Mumbai,Airoli, Navi Mumbai - MPCB,0.63,197.01,,,,59.69,31.37,,,,56.49,16.01,,,26.12,1.19,,,,,,,,,,,,,10.39,33.36,,,,,,,,,
01-May-2015,17:30,01-May-2015,17:45,Maharashtra,Navi Mumbai,Airoli, Navi Mumbai - MPCB,0.38,214.73,,,,60.92,28.02,,,,51.59,14.73,,,26.05,1.19,,,,,,,,,,,,,10.3,32.95,,,,,,,,,
01-May-2015,17:45,01-May-2015,18:00,Maharashtra,Navi Mumbai,Airoli, Navi Mumbai - MPCB,0.86,209.08,,,,61.59,20.98,,,,44.0,12.76,,,26.07,1.18,,,,,,,,,,,,,10.5,32.97,,,,,,,,,
01-May-2015,18:00,01-May-2015,18:15,Maharashtra,Navi Mumbai,Airoli, Navi Mumbai - MPCB,0.37,217.97,,,,61.79,14.64,,,,52.32,14.92,,,25.93,1.18,,,,,,,,,,,,,10.36,32.57,,,,,,,,,
01-May-2015,18:15,01-May-2015,18:30,Maharashtra,Navi Mumbai,Airoli, Navi Mumbai - MPCB,0.33,261.16,,,,62.71,6.8,,,,59.84,16.88,,,26.21,1.2,,,,,,,,,,,,,11.0,32.48,,,,,,,,,
01-May-2015,18:30,01-May-2015,18:45,Maharashtra,Navi Mumbai,Airoli, Navi Mumbai - MPCB,0.42,212.8,,,,64.16,0.41,,,,75.27,20.89,,,26.23,1.19,,,,,,,,,,,,,10.94,32.17,,,,,,,,,
01-May-2015,18:45,01-May-2015,19:00,Maharashtra,Navi Mumbai,Airoli, Navi Mumbai - MPCB,0.17,225.99,,,,65.4,,,,,74.22,20.62,,,26.17,1.2,,,,,,,,,,,,,11.12,31.84,,,,,,,,,
01-May-2015,19:00,01-May-2015,19:15,Maharashtra,Navi Mumbai,Airoli, Navi Mumbai - MPCB,0.11,211.74,,,,66.42,,,,,77.35,21.43,,,25.99,1.19,,,,,,,,,,,,,11.32,31.68,,,,,,,,,
01-May-2015,19:15,01-May-2015,19:30,Maharashtra,Navi Mumbai,Airoli, Navi Mumbai - MPCB,0.28,189.72,,,,67.65,,,,,65.49,18.35,,,26.14,1.23,,,,,,,,,,,,,10.83,31.34,,,,,,,,,
01-May-2015,19:30,01-May-2015,19:45,Maharashtra,Navi Mumbai,Airoli, Navi Mumbai - MPCB,0.25,234.05,,,,69.12,,,,,62.68,17.62,,,25.99,1.19,,,,,,,,,,,,,12.69,30.98,,,,,,,,,
01-May-2015,19:45,01-May-2015,20:00,Maharashtra,Navi Mumbai,Airoli, Navi Mumbai - MPCB,0.05,331.0,,,,70.28,,,,,73.44,20.41,,,26.11,1.18,,,,,,,,,,,,,13.21,30.79,,,,,,,,,
01-May-2015,20:00,01-May-2015,20:15,Maharashtra,Navi Mumbai,Airoli, Navi Mumbai - MPCB,0.05,341.21,,,,71.67,,,,,83.34,22.99,,,26.23,1.21,,,,,,,,,,,,,12.62,30.55,,,,,,,,,
01-May-2015,20:15,01-May-2015,20:30,Maharashtra,Navi Mumbai,Airoli, Navi Mumbai - MPCB,0.09,6.1,,,,72.55,,,,,90.01,24.72,,,25.95,1.26,,,,,,,,,,,,,11.56,30.24,,,,,,,,,
01-May-2015,20:30,01-May-2015,20:45,Maharashtra,Navi Mumbai,Airoli, Navi Mumbai - MPCB,0.16,206.21,,,,73.12,,,,,102.53,27.98,,,25.87,1.26,,,,,,,,,,,,,10.82,30.1,,,,,,,,,
01-May-2015,20:45,01-May-2015,21:00,Maharashtra,Navi Mumbai,Airoli, Navi Mumbai - MPCB,0.15,240.6,,,,73.97,,,,,102.96,28.09,,,25.43,1.25,,,,,,,,,,,,,10.43,30.06,,,,,,,,,
01-May-2015,21:00,01-May-2015,21:15,Maharashtra,Navi Mumbai,Airoli, Navi Mumbai - MPCB,0.02,8.55,,,,74.42,,,,,104.79,28.57,,,25.7,1.26,,,,,,,,,,,,,9.36,29.88,,,,,,,,,
01-May-2015,21:15,01-May-2015,21:30,Maharashtra,Navi Mumbai,Airoli, Navi Mumbai - MPCB,0.14,208.88,,,,74.92,,,,,89.71,24.64,,,25.61,1.25,,,,,,,,,,,,,9.71,29.87,,,,,,,,,
01-May-2015,21:30,01-May-2015,21:45,Maharashtra,Navi Mumbai,Airoli, Navi Mumbai - MPCB,0.21,214.24,,,,75.35,,,,,76.92,21.32,,,25.2,1.28,,,,,,,,,,,,,8.96,29.69,,,,,,,,,
01-May-2015,21:45,01-May-2015,22:00,Maharashtra,Navi Mumbai,Airoli, Navi Mumbai - MPCB,0.01,199.86,,,,76.19,,,,,62.33,17.53,,,25.29,1.22,,,,,,,,,,,,,8.65,29.44,,,,,,,,,
01-May-2015,22:00,01-May-2015,22:15,Maharashtra,Navi Mumbai,Airoli, Navi Mumbai - MPCB,,,,,,77.37,,,,,66.63,18.64,,,25.45,1.26,,,,,,,,,,,,,8.61,29.15,,,,,,,,,
01-May-2015,22:15,01-May-2015,22:30,Maharashtra,Navi Mumbai,Airoli, Navi Mumbai - MPCB,0.03,229.98,,,,77.8,,,,,71.43,19.89,,,25.48,1.23,,,,,,,,,,,,,8.47,29.28,,,,,,,,,
01-May-2015,22:30,01-May-2015,22:45,Maharashtra,Navi Mumbai,Airoli, Navi Mumbai - MPCB,,,,,,78.4,,,,,60.28,16.99,,,25.34,1.3,,,,,,,,,,,,,8.01,29.3,,,,,,,,,
01-May-2015,22:45,01-May-2015,23:00,Maharashtra,Navi Mumbai,Airoli, Navi Mumbai - MPCB,,,,,,79.29,,,,,34.7,10.34,,,25.54,1.26,,,,,,,,,,,,,7.98,29.09,,,,,,,,,
01-May-2015,23:00,01-May-2015,23:15,Maharashtra,Navi Mumbai,Airoli, Navi Mumbai - MPCB,,,,,,80.17,,,,,32.31,9.72,,,25.46,1.29,,,,,,,,,,,,,8.34,28.87,,,,,,,,,
01-May-2015,23:15,01-May-2015,23:30,Maharashtra,Navi Mumbai,Airoli, Navi Mumbai - MPCB,,,,,,80.56,,,,,44.45,12.88,,,25.34,1.27,,,,,,,,,,,,,7.77,28.59,,,,,,,,,
01-May-2015,23:30,01-May-2015,23:45,Maharashtra,Navi Mumbai,Airoli, Navi Mumbai - MPCB,,,,,,81.2,,,,,62.62,17.6,,,25.23,1.29,,,,,,,,,,,,,7.78,28.56,,,,,,,,,
01-May-2015,23:45,02-May-2015,00:00,Maharashtra,Navi Mumbai,Airoli, Navi Mumbai - MPCB,,,,,,81.6,,,,,53.54,15.24,,,25.22,1.26,,,,,,,,,,,,,7.19,28.43,,,,,,,,,
02-May-2015,00:00,02-May-2015,00:15,Maharashtra,Navi Mumbai,Airoli, Navi Mumbai - MPCB,0.01,196.0,,,,82.14,,,,,53.73,15.29,,,25.29,1.29,,,,,,,,,,,,,7.32,28.5,,,,,,,,,
02-May-2015,00:15,02-May-2015,00:30,Maharashtra,Navi Mumbai,Airoli, Navi Mumbai - MPCB,,,,,,81.56,,,,,47.69,13.72,,,25.41,1.26,,,,,,,,,,,,,7.96,28.59,,,,,,,,,
02-May-2015,00:30,02-May-2015,00:45,Maharashtra,Navi Mumbai,Airoli, Navi Mumbai - MPCB,0.04,233.0,,,,81.07,,,,,57.62,16.3,,,25.55,1.27,,,,,,,,,,,,,7.79,28.55,,,,,,,,,
02-May-2015,00:45,02-May-2015,01:00,Maharashtra,Navi Mumbai,Airoli, Navi Mumbai - MPCB,,,,,,81.28,,,,,58.97,16.65,,,25.0,1.29,,,,,,,,,,,,,7.29,28.57,,,,,,,,,
02-May-2015,01:00,02-May-2015,01:15,Maharashtra,Navi Mumbai,Airoli, Navi Mumbai - MPCB,,,,,,81.83,,,,,50.48,14.44,,,25.34,1.25,,,,,,,,,,,,,7.45,28.31,,,,,,,,,
02-May-2015,01:15,02-May-2015,01:30,Maharashtra,Navi Mumbai,Airoli, Navi Mumbai - MPCB,,,,,,82.25,,,,,21.9,7.01,,,25.19,1.27,,,,,,,,,,,,,8.03,28.14,,,,,,,,,
02-May-2015,01:30,02-May-2015,01:45,Maharashtra,Navi Mumbai,Airoli, Navi Mumbai - MPCB,,,,,,82.37,,,,,3.54,1.7,,,25.42,1.25,,,,,,,,,,,,,7.3,28.08,,,,,,,,,
02-May-2015,01:45,02-May-2015,02:00,Maharashtra,Navi Mumbai,Airoli, Navi Mumbai - MPCB,,,,,,82.68,,,,,33.57,10.02,,,25.64,1.22,,,,,,,,,,,,,6.26,28.04,,,,,,,,,
02-May-2015,02:00,02-May-2015,02:15,Maharashtra,Navi Mumbai,Airoli, Navi Mumbai - MPCB,,,,,,82.88,,,,,82.6,22.8,,,24.99,1.22,,,,,,,,,,,,,7.38,27.93,,,,,,,,,
02-May-2015,02:15,02-May-2015,02:30,Maharashtra,Navi Mumbai,Airoli, Navi Mumbai - MPCB,,,,,,83.35,,,,,65.1,18.25,,,25.4,1.21,,,,,,,,,,,,,10.29,27.82,,,,,,,,,
02-May-2015,02:30,02-May-2015,02:45,Maharashtra,Navi Mumbai,Airoli, Navi Mumbai - MPCB,,,,,,83.96,,,,,15.9,4.93,,,25.7,1.21,,,,,,,,,,,,,10.78,27.64,,,,,,,,,
02-May-2015,02:45,02-May-2015,03:00,Maharashtra,Navi Mumbai,Airoli, Navi Mumbai - MPCB,,,,,,84.52,,,,,,,,,25.6,1.19,,,,,,,,,,,,,12.37,27.52,,,,,,,,,
02-May-2015,03:00,02-May-2015,03:15,Maharashtra,Navi Mumbai,Airoli, Navi Mumbai - MPCB,,,,,,84.8,,,,,,,,,25.67,1.25,,,,,,,,,,,,,12.87,27.47,,,,,,,,,
02-May-2015,03:15,02-May-2015,03:30,Maharashtra,Navi Mumbai,Airoli, Navi Mumbai - MPCB,,,,,,85.0,,,,,0.24,0.21,,,25.99,1.21,,,,,,,,,,,,,12.93,27.47,,,,,,,,,
02-May-2015,03:30,02-May-2015,03:45,Maharashtra,Navi Mumbai,Airoli, Navi Mumbai - MPCB,,,,,,85.46,,,,,9.87,3.89,,,25.9,1.25,,,,,,,,,,,,,14.24,27.34,,,,,,,,,
02-May-2015,03:45,02-May-2015,04:00,Maharashtra,Navi Mumbai,Airoli, Navi Mumbai - MPCB,,,,,,86.0,,,,,26.52,8.22,,,26.01,1.19,,,,,,,,,,,,,16.34,27.24,,,,,,,,,
02-May-2015,04:00,02-May-2015,04:15,Maharashtra,Navi Mumbai,Airoli, Navi Mumbai - MPCB,,,,,,86.26,,,,,46.31,13.36,,,25.91,1.22,,,,,,,,,,,,,16.29,27.07,,,,,,,,,
02-May-2015,04:15,02-May-2015,04:30,Maharashtra,Navi Mumbai,Airoli, Navi Mumbai - MPCB,,,,,,86.41,,,,,54.44,15.48,,,25.97,1.23,,,,,,,,,,,,,17.33,26.99,,,,,,,,,
02-May-2015,04:30,02-May-2015,04:45,Maharashtra,Navi Mumbai,Airoli, Navi Mumbai - MPCB,,,,,,86.68,,,,,52.76,15.04,,,26.19,1.21,,,,,,,,,,,,,18.53,26.93,,,,,,,,,
02-May-2015,04:45,02-May-2015,05:00,Maharashtra,Navi Mumbai,Airoli, Navi Mumbai - MPCB,,,,,,87.01,,,,,52.53,14.98,,,26.01,1.22,,,,,,,,,,,,,19.01,26.85,,,,,,,,,
02-May-2015,05:00,02-May-2015,05:15,Maharashtra,Navi Mumbai,Airoli, Navi Mumbai - MPCB,,,,,,87.38,,,,,65.19,18.27,,,26.21,1.22,,,,,,,,,,,,,19.84,26.8,,,,,,,,,
02-May-2015,05:15,02-May-2015,05:30,Maharashtra,Navi Mumbai,Airoli, Navi Mumbai - MPCB,,,,,,87.59,,,,,77.96,21.59,,,25.81,1.18,,,,,,,,,,,,,20.86,26.79,,,,,,,,,
02-May-2015,05:30,02-May-2015,05:45,Maharashtra,Navi Mumbai,Airoli, Navi Mumbai - MPCB,,,,,,87.77,,,,,83.72,23.09,,,26.13,1.23,,,,,,,,,,,,,20.56,26.69,,,,,,,,,
02-May-2015,05:45,02-May-2015,06:00,Maharashtra,Navi Mumbai,Airoli, Navi Mumbai - MPCB,,,,,,87.92,,,,,71.6,19.93,,,26.22,1.21,,,,,,,,,,,,,21.55,26.61,,,,,,,,,
02-May-2015,06:00,02-May-2015,06:15,Maharashtra,Navi Mumbai,Airoli, Navi Mumbai - MPCB,,,,,,87.99,,,,,66.11,18.51,,,26.24,1.24,,,,,,,,,,,,,22.2,26.61,,,,,,,,,
02-May-2015,06:15,02-May-2015,06:30,Maharashtra,Navi Mumbai,Airoli, Navi Mumbai - MPCB,,,,,,87.91,,,,,72.22,20.1,,,26.14,1.22,,,,,,,,,,,,,24.16,26.67,,,,,,,,,
02-May-2015,06:30,02-May-2015,06:45,Maharashtra,Navi Mumbai,Airoli, Navi Mumbai - MPCB,,,,,,87.9,,,,,87.28,24.01,,,26.26,1.24,,,,,,,,,,,,,24.81,26.71,,,,,,,,,
02-May-2015,06:45,02-May-2015,07:00,Maharashtra,Navi Mumbai,Airoli, Navi Mumbai - MPCB,,,,,,87.75,1.6,,,,116.72,31.67,,,26.34,1.21,,,,,,,,,,,,,27.04,26.86,,,,,,,,,
02-May-2015,07:00,02-May-2015,07:15,Maharashtra,Navi Mumbai,Airoli, Navi Mumbai - MPCB,,,,,,87.2,23.34,,,,122.17,33.08,,,26.21,1.19,,,,,,,,,,,,,29.19,27.14,,,,,,,,,
02-May-2015,07:15,02-May-2015,07:30,Maharashtra,Navi Mumbai,Airoli, Navi Mumbai - MPCB,,,,,,85.38,68.83,,,,124.28,33.63,,,26.37,1.22,,,,,,,,,,,,,30.56,27.62,,,,,,,,,
02-May-2015,07:30,02-May-2015,07:45,Maharashtra,Navi Mumbai,Airoli, Navi Mumbai - MPCB,,,,,,82.04,140.88,,,,116.81,31.69,,,26.19,1.22,,,,,,,,,,,,,30.19,28.54,,,,,,,,,
02-May-2015,07:45,02-May-2015,08:00,Maharashtra,Navi Mumbai,Airoli, Navi Mumbai - MPCB,0.01,94.0,,,,77.61,200.81,,,,99.24,27.12,,,26.19,1.23,,,,,,,,,,,,,30.35,29.32,,,,,,,,,
02-May-2015,08:00,02-May-2015,08:15,Maharashtra,Navi Mumbai,Airoli, Navi Mumbai - MPCB,0.3,52.28,,,,74.13,256.49,,,,75.81,21.03,,,25.94,1.23,,,,,,,,,,,,,30.29,30.14,,,,,,,,,
02-May-2015,08:15,02-May-2015,08:30,Maharashtra,Navi Mumbai,Airoli, Navi Mumbai - MPCB,0.15,29.72,,,,73.49,236.9,,,,48.67,13.97,,,26.16,1.22,,,,,,,,,,,,,29.68,30.35,,,,,,,,,
02-May-2015,08:30,02-May-2015,08:45,Maharashtra,Navi Mumbai,Airoli, Navi Mumbai - MPCB,0.28,48.77,,,,73.03,301.39,,,,58.96,16.65,,,26.3,1.27,,,,,,,,,,,,,26.52,30.34,,,,,,,,,
02-May-2015,08:45,02-May-2015,09:00,Maharashtra,Navi Mumbai,Airoli, Navi Mumbai - MPCB,0.16,33.26,,,,72.24,354.71,,,,90.1,24.75,,,25.98,1.23,,,,,,,,,,,,,23.37,30.49,,,,,,,,,
02-May-2015,09:00,02-May-2015,09:15,Maharashtra,Navi Mumbai,Airoli, Navi Mumbai - MPCB,0.05,193.13,,,,69.25,401.51,,,,111.5,30.31,,,26.12,1.28,,,,,,,,,,,,,20.51,31.06,,,,,,,,,
02-May-2015,09:15,02-May-2015,09:30,Maharashtra,Navi Mumbai,Airoli, Navi Mumbai - MPCB,0.11,232.98,,,,68.92,427.77,,,,99.75,27.25,,,25.73,1.29,,,,,,,,,,,,,18.34,30.97,,,,,,,,,
02-May-2015,09:30,02-May-2015,09:45,Maharashtra,Navi Mumbai,Airoli, Navi Mumbai - MPCB,0.1,230.55,,,,65.41,464.15,,,,90.04,24.73,,,25.68,1.28,,,,,,,,,,,,,15.69,31.87,,,,,,,,,
02-May-2015,09:45,02-May-2015,10:00,Maharashtra,Navi Mumbai,Airoli, Navi Mumbai - MPCB,0.03,220.64,,,,63.94,512.18,,,,90.44,24.83,,,25.58,1.25,,,,,,,,,,,,,16.09,32.25,,,,,,,,,
02-May-2015,10:00,02-May-2015,10:15,Maharashtra,Navi Mumbai,Airoli, Navi Mumbai - MPCB,0.09,35.37,,,,61.07,538.65,,,,98.74,26.99,,,25.59,1.26,,,,,,,,,,,,,14.94,32.74,,,,,,,,,
02-May-2015,10:15,02-May-2015,10:30,Maharashtra,Navi Mumbai,Airoli, Navi Mumbai - MPCB,0.2,242.67,,,,59.29,561.48,,,,108.17,29.44,,,25.17,1.26,,,,,,,,,,,,,13.98,32.83,,,,,,,,,
02-May-2015,10:30,02-May-2015,10:45,Maharashtra,Navi Mumbai,Airoli, Navi Mumbai - MPCB,0.26,232.23,,,,58.62,585.65,,,,121.47,32.9,,,25.26,1.26,,,,,,,,,,,,,13.96,32.86,,,,,,,,,
02-May-2015,10:45,02-May-2015,11:00,Maharashtra,Navi Mumbai,Airoli, Navi Mumbai - MPCB,0.39,244.13,,,,56.5,610.58,,,,98.92,27.04,,,25.14,1.29,,,,,,,,,,,,,13.62,33.6,,,,,,,,,
02-May-2015,11:00,02-May-2015,11:15,Maharashtra,Navi Mumbai,Airoli, Navi Mumbai - MPCB,0.22,169.98,,,,54.54,636.46,,,,67.39,18.84,,,25.31,1.23,,,,,,,,,,,,,12.85,34.14,,,,,,,,,
02-May-2015,11:15,02-May-2015,11:30,Maharashtra,Navi Mumbai,Airoli, Navi Mumbai - MPCB,0.03,288.49,,,,50.14,662.05,,,,63.75,17.89,,,25.51,1.25,,,,,,,,,,,,,12.26,35.34,,,,,,,,,
02-May-2015,11:30,02-May-2015,11:45,Maharashtra,Navi Mumbai,Airoli, Navi Mumbai - MPCB,0.14,224.66,,,,49.49,685.24,,,,70.83,19.74,,,25.21,1.28,,,,,,,,,,,,,12.9,35.92,,,,,,,,,
02-May-2015,11:45,02-May-2015,12:00,Maharashtra,Navi Mumbai,Airoli, Navi Mumbai - MPCB,0.64,224.16,,,,51.79,701.29,,,,80.15,22.16,,,25.19,1.26,,,,,,,,,,,,,11.31,35.35,,,,,,,,,
02-May-2015,12:00,02-May-2015,12:15,Maharashtra,Navi Mumbai,Airoli, Navi Mumbai - MPCB,0.12,247.98,,,,52.11,708.24,,,,67.22,18.8,,,25.25,1.24,,,,,,,,,,,,,12.04,35.57,,,,,,,,,
02-May-2015,12:15,02-May-2015,12:30,Maharashtra,Navi Mumbai,Airoli, Navi Mumbai - MPCB,0.53,226.46,,,,52.9,706.56,,,,60.61,17.08,,,25.26,1.23,,,,,,,,,,,,,12.28,35.83,,,,,,,,,
02-May-2015,12:30,02-May-2015,12:45,Maharashtra,Navi Mumbai,Airoli, Navi Mumbai - MPCB,0.48,238.24,,,,54.38,698.39,,,,64.87,18.19,,,25.44,1.26,,,,,,,,,,,,,12.01,35.74,,,,,,,,,
02-May-2015,12:45,02-May-2015,13:00,Maharashtra,Navi Mumbai,Airoli, Navi Mumbai - MPCB,0.87,216.95,,,,54.69,699.53,,,,93.57,25.65,,,25.29,1.26,,,,,,,,,,,,,12.37,35.7,,,,,,,,,
02-May-2015,13:00,02-May-2015,13:15,Maharashtra,Navi Mumbai,Airoli, Navi Mumbai - MPCB,0.86,220.13,,,,54.22,696.38,,,,132.92,35.88,,,25.7,1.27,,,,,,,,,,,,,13.09,36.04,,,,,,,,,
02-May-2015,13:15,02-May-2015,13:30,Maharashtra,Navi Mumbai,Airoli, Navi Mumbai - MPCB,0.57,269.17,,,,55.11,683.89,,,,148.46,39.92,,,25.58,1.26,,,,,,,,,,,,,13.21,35.81,,,,,,,,,
02-May-2015,13:30,02-May-2015,13:45,Maharashtra,Navi Mumbai,Airoli, Navi Mumbai - MPCB,0.38,242.65,,,,54.84,664.56,,,,136.87,36.91,,,25.54,1.25,,,,,,,,,,,,,13.95,36.21,,,,,,,,,
02-May-2015,13:45,02-May-2015,14:00,Maharashtra,Navi Mumbai,Airoli, Navi Mumbai - MPCB,0.66,223.3,,,,54.39,643.91,,,,97.52,26.68,,,25.52,1.24,,,,,,,,,,,,,14.34,36.01,,,,,,,,,
02-May-2015,14:00,02-May-2015,14:15,Maharashtra,Navi Mumbai,Airoli, Navi Mumbai - MPCB,0.65,209.92,,,,54.72,613.0,,,,80.18,22.17,,,25.76,1.26,,,,,,,,,,,,,13.37,35.6,,,,,,,,,
02-May-2015,14:15,02-May-2015,14:30,Maharashtra,Navi Mumbai,Airoli, Navi Mumbai - MPCB,1.52,208.69,,,,55.48,574.75,,,,70.1,19.55,,,25.89,1.23,,,,,,,,,,,,,14.06,35.27,,,,,,,,,
02-May-2015,14:30,02-May-2015,14:45,Maharashtra,Navi Mumbai,Airoli, Navi Mumbai - MPCB,1.62,224.12,,,,55.93,479.42,,,,65.04,18.23,,,25.83,1.24,,,,,,,,,,,,,14.74,35.11,,,,,,,,,
02-May-2015,14:45,02-May-2015,15:00,Maharashtra,Navi Mumbai,Airoli, Navi Mumbai - MPCB,1.2,239.65,,,,56.51,328.28,,,,43.04,12.51,,,25.68,1.23,,,,,,,,,,,,,14.58,34.95,,,,,,,,,
02-May-2015,15:00,02-May-2015,15:15,Maharashtra,Navi Mumbai,Airoli, Navi Mumbai - MPCB,0.71,209.93,,,,54.96,225.83,,,,41.72,12.17,,,25.8,1.26,,,,,,,,,,,,,14.57,35.27,,,,,,,,,
02-May-2015,15:15,02-May-2015,15:30,Maharashtra,Navi Mumbai,Airoli, Navi Mumbai - MPCB,1.31,220.31,,,,55.76,136.34,,,,44.31,12.84,,,25.99,1.25,,,,,,,,,,,,,15.17,34.91,,,,,,,,,
02-May-2015,15:30,02-May-2015,15:45,Maharashtra,Navi Mumbai,Airoli, Navi Mumbai - MPCB,1.01,242.33,,,,57.99,115.93,,,,68.77,19.2,,,25.99,1.29,,,,,,,,,,,,,16.31,34.57,,,,,,,,,
02-May-2015,15:45,02-May-2015,16:00,Maharashtra,Navi Mumbai,Airoli, Navi Mumbai - MPCB,1.58,234.72,,,,58.6,102.65,,,,74.01,20.56,,,25.74,1.28,,,,,,,,,,,,,15.83,34.3,,,,,,,,,
02-May-2015,16:00,02-May-2015,16:15,Maharashtra,Navi Mumbai,Airoli, Navi Mumbai - MPCB,1.51,197.94,,,,58.94,135.49,,,,97.1,26.56,,,25.98,1.28,,,,,,,,,,,,,15.65,34.24,,,,,,,,,
02-May-2015,16:15,02-May-2015,16:30,Maharashtra,Navi Mumbai,Airoli, Navi Mumbai - MPCB,1.55,237.75,,,,59.9,79.04,,,,108.55,29.54,,,25.83,1.28,,,,,,,,,,,,,16.12,34.11,,,,,,,,,
02-May-2015,16:30,02-May-2015,16:45,Maharashtra,Navi Mumbai,Airoli, Navi Mumbai - MPCB,1.41,246.91,,,,60.47,99.95,,,,101.25,27.64,,,25.99,1.3,,,,,,,,,,,,,15.82,33.87,,,,,,,,,
02-May-2015,16:45,02-May-2015,17:00,Maharashtra,Navi Mumbai,Airoli, Navi Mumbai - MPCB,1.41,205.79,,,,60.73,63.54,,,,89.82,24.67,,,25.98,1.28,,,,,,,,,,,,,15.58,33.76,,,,,,,,,
02-May-2015,17:00,02-May-2015,17:15,Maharashtra,Navi Mumbai,Airoli, Navi Mumbai - MPCB,1.6,234.83,,,,62.43,54.45,,,,99.33,27.15,,,25.95,1.3,,,,,,,,,,,,,16.34,33.47,,,,,,,,,
02-May-2015,17:15,02-May-2015,17:30,Maharashtra,Navi Mumbai,Airoli, Navi Mumbai - MPCB,1.26,229.37,,,,63.37,44.47,,,,98.2,26.85,,,25.9,1.29,,,,,,,,,,,,,15.97,33.37,,,,,,,,,
02-May-2015,17:30,02-May-2015,17:45,Maharashtra,Navi Mumbai,Airoli, Navi Mumbai - MPCB,0.98,218.42,,,,64.89,39.87,,,,86.59,23.83,,,25.79,1.28,,,,,,,,,,,,,16.09,33.12,,,,,,,,,
02-May-2015,17:45,02-May-2015,18:00,Maharashtra,Navi Mumbai,Airoli, Navi Mumbai - MPCB,0.97,219.87,,,,65.71,30.34,,,,95.68,26.2,,,25.79,1.29,,,,,,,,,,,,,17.21,32.92,,,,,,,,,
02-May-2015,18:00,02-May-2015,18:15,Maharashtra,Navi Mumbai,Airoli, Navi Mumbai - MPCB,1.02,238.56,,,,66.87,20.76,,,,111.83,30.4,,,25.9,1.25,,,,,,,,,,,,,17.44,32.67,,,,,,,,,
02-May-2015,18:15,02-May-2015,18:30,Maharashtra,Navi Mumbai,Airoli, Navi Mumbai - MPCB,0.97,225.14,,,,69.41,12.35,,,,104.8,28.57,,,25.8,1.31,,,,,,,,,,,,,18.02,32.2,,,,,,,,,
02-May-2015,18:30,02-May-2015,18:45,Maharashtra,Navi Mumbai,Airoli, Navi Mumbai - MPCB,0.92,235.15,,,,70.78,2.64,,,,87.33,24.02,,,26.06,1.28,,,,,,,,,,,,,18.44,31.86,,,,,,,,,
02-May-2015,18:45,02-May-2015,19:00,Maharashtra,Navi Mumbai,Airoli, Navi Mumbai - MPCB,1.04,207.46,,,,72.02,,,,,88.03,24.21,,,26.04,1.3,,,,,,,,,,,,,18.56,31.63,,,,,,,,,
02-May-2015,19:00,02-May-2015,19:15,Maharashtra,Navi Mumbai,Airoli, Navi Mumbai - MPCB,0.46,212.03,,,,73.04,,,,,98.91,27.04,,,25.83,1.28,,,,,,,,,,,,,19.96,31.43,,,,,,,,,
02-May-2015,19:15,02-May-2015,19:30,Maharashtra,Navi Mumbai,Airoli, Navi Mumbai - MPCB,1.06,212.15,,,,74.13,,,,,117.33,31.83,,,25.78,1.32,,,,,,,,,,,,,19.34,31.23,,,,,,,,,
02-May-2015,19:30,02-May-2015,19:45,Maharashtra,Navi Mumbai,Airoli, Navi Mumbai - MPCB,0.85,240.19,,,,74.76,,,,,129.7,35.04,,,25.78,1.32,,,,,,,,,,,,,19.45,31.09,,,,,,,,,
02-May-2015,19:45,02-May-2015,20:00,Maharashtra,Navi Mumbai,Airoli, Navi Mumbai - MPCB,0.82,210.96,,,,75.02,,,,,136.35,36.77,,,25.86,1.29,,,,,,,,,,,,,19.21,31.01,,,,,,,,,
02-May-2015,20:00,02-May-2015,20:15,Maharashtra,Navi Mumbai,Airoli, Navi Mumbai - MPCB,0.6,214.51,,,,75.13,,,,,122.11,33.07,,,25.89,1.27,,,,,,,,,,,,,19.16,30.94,,,,,,,,,
02-May-2015,20:15,02-May-2015,20:30,Maharashtra,Navi Mumbai,Airoli, Navi Mumbai - MPCB,0.47,209.4,,,,75.39,,,,,105.36,28.71,,,25.87,1.28,,,,,,,,,,,,,20.61,30.89,,,,,,,,,
02-May-2015,20:30,02-May-2015,20:45,Maharashtra,Navi Mumbai,Airoli, Navi Mumbai - MPCB,0.59,226.72,,,,75.38,,,,,99.5,27.19,,,25.87,1.3,,,,,,,,,,,,,21.04,30.78,,,,,,,,,
02-May-2015,20:45,02-May-2015,21:00,Maharashtra,Navi Mumbai,Airoli, Navi Mumbai - MPCB,0.38,250.8,,,,75.33,,,,,113.6,30.86,,,25.97,1.3,,,,,,,,,,,,,21.33,30.77,,,,,,,,,
02-May-2015,21:00,02-May-2015,21:15,Maharashtra,Navi Mumbai,Airoli, Navi Mumbai - MPCB,0.53,238.58,,,,75.25,,,,,101.28,27.65,,,25.95,1.35,,,,,,,,,,,,,19.66,30.77,,,,,,,,,
02-May-2015,21:15,02-May-2015,21:30,Maharashtra,Navi Mumbai,Airoli, Navi Mumbai - MPCB,0.65,219.75,,,,75.44,,,,,93.24,25.56,,,25.91,1.35,,,,,,,,,,,,,17.31,30.55,,,,,,,,,
02-May-2015,21:30,02-May-2015,21:45,Maharashtra,Navi Mumbai,Airoli, Navi Mumbai - MPCB,0.34,222.96,,,,75.87,,,,,113.56,30.85,,,25.88,1.32,,,,,,,,,,,,,16.84,30.47,,,,,,,,,
02-May-2015,21:45,02-May-2015,22:00,Maharashtra,Navi Mumbai,Airoli, Navi Mumbai - MPCB,0.33,239.25,,,,76.05,,,,,130.08,35.14,,,25.52,1.37,,,,,,,,,,,,,15.73,30.39,,,,,,,,,
02-May-2015,22:00,02-May-2015,22:15,Maharashtra,Navi Mumbai,Airoli, Navi Mumbai - MPCB,0.33,217.45,,,,75.9,,,,,136.05,36.69,,,25.57,1.36,,,,,,,,,,,,,14.21,30.45,,,,,,,,,
02-May-2015,22:15,02-May-2015,22:30,Maharashtra,Navi Mumbai,Airoli, Navi Mumbai - MPCB,0.02,159.97,,,,76.18,,,,,111.38,30.28,,,25.49,1.33,,,,,,,,,,,,,14.07,30.38,,,,,,,,,
02-May-2015,22:30,02-May-2015,22:45,Maharashtra,Navi Mumbai,Airoli, Navi Mumbai - MPCB,0.03,209.3,,,,76.28,,,,,112.26,30.51,,,25.19,1.35,,,,,,,,,,,,,13.8,30.34,,,,,,,,,
02-May-2015,22:45,02-May-2015,23:00,Maharashtra,Navi Mumbai,Airoli, Navi Mumbai - MPCB,0.24,257.9,,,,75.71,,,,,103.68,28.28,,,25.07,1.36,,,,,,,,,,,,,12.97,30.39,,,,,,,,,
02-May-2015,23:00,02-May-2015,23:15,Maharashtra,Navi Mumbai,Airoli, Navi Mumbai - MPCB,0.03,182.69,,,,75.46,,,,,102.05,27.85,,,25.19,1.34,,,,,,,,,,,,,12.32,30.41,,,,,,,,,
02-May-2015,23:15,02-May-2015,23:30,Maharashtra,Navi Mumbai,Airoli, Navi Mumbai - MPCB,0.28,229.96,,,,75.71,,,,,96.86,26.5,,,25.16,1.36,,,,,,,,,,,,,12.92,30.39,,,,,,,,,
02-May-2015,23:30,02-May-2015,23:45,Maharashtra,Navi Mumbai,Airoli, Navi Mumbai - MPCB,0.16,250.84,,,,75.65,,,,,79.09,21.88,,,25.07,1.36,,,,,,,,,,,,,12.52,30.31,,,,,,,,,
02-May-2015,23:45,03-May-2015,00:00,Maharashtra,Navi Mumbai,Airoli, Navi Mumbai - MPCB,0.35,203.71,,,,75.05,,,,,73.43,20.41,,,25.2,1.34,,,,,,,,,,,,,12.43,30.28,,,,,,,,,
03-May-2015,00:00,03-May-2015,00:15,Maharashtra,Navi Mumbai,Airoli, Navi Mumbai - MPCB,0.04,180.32,,,,74.9,,,,,78.72,21.79,,,25.0,1.38,,,,,,,,,,,,,12.96,30.17,,,,,,,,,
03-May-2015,00:15,03-May-2015,00:30,Maharashtra,Navi Mumbai,Airoli, Navi Mumbai - MPCB,,,,,,76.29,,,,,84.77,23.36,,,25.26,1.37,,,,,,,,,,,,,13.5,29.89,,,,,,,,,
03-May-2015,00:30,03-May-2015,00:45,Maharashtra,Navi Mumbai,Airoli, Navi Mumbai - MPCB,,,,,,77.29,,,,,76.45,21.2,,,25.44,1.37,,,,,,,,,,,,,12.65,29.61,,,,,,,,,
03-May-2015,00:45,03-May-2015,01:00,Maharashtra,Navi Mumbai,Airoli, Navi Mumbai - MPCB,,,,,,78.13,,,,,66.89,18.71,,,25.27,1.33,,,,,,,,,,,,,12.64,29.45,,,,,,,,,
03-May-2015,01:00,03-May-2015,01:15,Maharashtra,Navi Mumbai,Airoli, Navi Mumbai - MPCB,,,,,,78.51,,,,,61.9,17.41,,,25.41,1.35,,,,,,,,,,,,,12.79,29.35,,,,,,,,,
03-May-2015,01:15,03-May-2015,01:30,Maharashtra,Navi Mumbai,Airoli, Navi Mumbai - MPCB,,,,,,79.1,,,,,76.12,21.11,,,25.14,1.37,,,,,,,,,,,,,12.07,29.18,,,,,,,,,
03-May-2015,01:30,03-May-2015,01:45,Maharashtra,Navi Mumbai,Airoli, Navi Mumbai - MPCB,,,,,,79.75,,,,,79.21,21.92,,,25.43,1.32,,,,,,,,,,,,,12.65,29.04,,,,,,,,,
03-May-2015,01:45,03-May-2015,02:00,Maharashtra,Navi Mumbai,Airoli, Navi Mumbai - MPCB,,,,,,80.5,,,,,89.93,24.7,,,25.12,1.34,,,,,,,,,,,,,12.68,28.89,,,,,,,,,
03-May-2015,02:00,03-May-2015,02:15,Maharashtra,Navi Mumbai,Airoli, Navi Mumbai - MPCB,,,,,,81.21,,,,,80.43,22.23,,,25.26,1.37,,,,,,,,,,,,,13.43,28.96,,,,,,,,,
03-May-2015,02:15,03-May-2015,02:30,Maharashtra,Navi Mumbai,Airoli, Navi Mumbai - MPCB,,,,,,81.83,,,,,82.25,22.71,,,25.22,1.4,,,,,,,,,,,,,13.71,28.72,,,,,,,,,
03-May-2015,02:30,03-May-2015,02:45,Maharashtra,Navi Mumbai,Airoli, Navi Mumbai - MPCB,,,,,,82.13,,,,,85.08,23.44,,,25.26,1.37,,,,,,,,,,,,,14.25,28.43,,,,,,,,,
03-May-2015,02:45,03-May-2015,03:00,Maharashtra,Navi Mumbai,Airoli, Navi Mumbai - MPCB,,,,,,82.77,,,,,87.19,23.99,,,25.2,1.36,,,,,,,,,,,,,13.16,28.27,,,,,,,,,
03-May-2015,03:00,03-May-2015,03:15,Maharashtra,Navi Mumbai,Airoli, Navi Mumbai - MPCB,,,,,,83.45,,,,,78.9,21.84,,,25.17,1.35,,,,,,,,,,,,,13.4,28.2,,,,,,,,,
03-May-2015,03:15,03-May-2015,03:30,Maharashtra,Navi Mumbai,Airoli, Navi Mumbai - MPCB,0.01,158.0,,,,83.83,,,,,95.81,26.23,,,25.36,1.34,,,,,,,,,,,,,15.98,28.21,,,,,,,,,
03-May-2015,03:30,03-May-2015,03:45,Maharashtra,Navi Mumbai,Airoli, Navi Mumbai - MPCB,,,,,,84.21,,,,,87.72,24.13,,,25.23,1.32,,,,,,,,,,,,,18.33,28.43,,,,,,,,,
03-May-2015,03:45,03-May-2015,04:00,Maharashtra,Navi Mumbai,Airoli, Navi Mumbai - MPCB,,,,,,84.82,,,,,59.42,16.77,,,25.54,1.34,,,,,,,,,,,,,21.23,28.19,,,,,,,,,
03-May-2015,04:00,03-May-2015,04:15,Maharashtra,Navi Mumbai,Airoli, Navi Mumbai - MPCB,,,,,,85.53,,,,,4.51,2.49,,,25.57,1.34,,,,,,,,,,,,,22.61,27.89,,,,,,,,,
03-May-2015,04:15,03-May-2015,04:30,Maharashtra,Navi Mumbai,Airoli, Navi Mumbai - MPCB,,,,,,86.23,,,,,15.8,5.43,,,25.77,1.28,,,,,,,,,,,,,24.59,27.73,,,,,,,,,
03-May-2015,04:30,03-May-2015,04:45,Maharashtra,Navi Mumbai,Airoli, Navi Mumbai - MPCB,,,,,,86.84,,,,,27.29,8.41,,,25.66,1.32,,,,,,,,,,,,,26.3,27.56,,,,,,,,,
03-May-2015,04:45,03-May-2015,05:00,Maharashtra,Navi Mumbai,Airoli, Navi Mumbai - MPCB,,,,,,87.42,,,,,36.35,10.77,,,25.77,1.33,,,,,,,,,,,,,27.21,27.48,,,,,,,,,
03-May-2015,05:00,03-May-2015,05:15,Maharashtra,Navi Mumbai,Airoli, Navi Mumbai - MPCB,,,,,,87.89,,,,,54.1,15.38,,,26.03,1.31,,,,,,,,,,,,,28.31,27.4,,,,,,,,,
03-May-2015,05:15,03-May-2015,05:30,Maharashtra,Navi Mumbai,Airoli, Navi Mumbai - MPCB,,,,,,88.27,,,,,69.52,19.4,,,25.98,1.34,,,,,,,,,,,,,29.24,27.36,,,,,,,,,
03-May-2015,05:30,03-May-2015,05:45,Maharashtra,Navi Mumbai,Airoli, Navi Mumbai - MPCB,,,,,,88.77,,,,,93.17,25.54,,,26.08,1.33,,,,,,,,,,,,,30.09,27.42,,,,,,,,,
03-May-2015,05:45,03-May-2015,06:00,Maharashtra,Navi Mumbai,Airoli, Navi Mumbai - MPCB,,,,,,89.09,,,,,87.12,23.97,,,25.81,1.32,,,,,,,,,,,,,30.85,27.21,,,,,,,,,
03-May-2015,06:00,03-May-2015,06:15,Maharashtra,Navi Mumbai,Airoli, Navi Mumbai - MPCB,,,,,,89.44,,,,,83.18,22.95,,,25.95,1.35,,,,,,,,,,,,,31.39,27.09,,,,,,,,,
03-May-2015,06:15,03-May-2015,06:30,Maharashtra,Navi Mumbai,Airoli, Navi Mumbai - MPCB,,,,,,89.76,,,,,93.42,25.61,,,25.85,1.3,,,,,,,,,,,,,32.0,27.09,,,,,,,,,
03-May-2015,06:30,03-May-2015,06:45,Maharashtra,Navi Mumbai,Airoli, Navi Mumbai - MPCB,,,,,,90.04,,,,,119.88,32.49,,,26.1,1.35,,,,,,,,,,,,,33.9,27.1,,,,,,,,,
03-May-2015,06:45,03-May-2015,07:00,Maharashtra,Navi Mumbai,Airoli, Navi Mumbai - MPCB,,,,,,89.98,0.67,,,,142.65,38.41,,,25.98,1.32,,,,,,,,,,,,,35.38,27.22,,,,,,,,,
03-May-2015,07:00,03-May-2015,07:15,Maharashtra,Navi Mumbai,Airoli, Navi Mumbai - MPCB,,,,,,89.71,16.94,,,,158.63,42.56,,,26.0,1.32,,,,,,,,,,,,,36.9,27.4,,,,,,,,,
03-May-2015,07:15,03-May-2015,07:30,Maharashtra,Navi Mumbai,Airoli, Navi Mumbai - MPCB,,,,,,89.22,49.24,,,,153.56,41.25,,,25.92,1.34,,,,,,,,,,,,,39.05,27.76,,,,,,,,,
03-May-2015,07:30,03-May-2015,07:45,Maharashtra,Navi Mumbai,Airoli, Navi Mumbai - MPCB,0.14,209.95,,,,87.86,103.88,,,,161.51,43.31,,,25.93,1.32,,,,,,,,,,,,,40.26,28.42,,,,,,,,,
03-May-2015,07:45,03-May-2015,08:00,Maharashtra,Navi Mumbai,Airoli, Navi Mumbai - MPCB,0.19,281.05,,,,85.99,153.71,,,,143.25,38.57,,,25.98,1.35,,,,,,,,,,,,,40.33,28.96,,,,,,,,,
03-May-2015,08:00,03-May-2015,08:15,Maharashtra,Navi Mumbai,Airoli, Navi Mumbai - MPCB,0.11,193.39,,,,84.17,202.37,,,,128.71,34.79,,,26.05,1.34,,,,,,,,,,,,,39.8,29.32,,,,,,,,,
03-May-2015,08:15,03-May-2015,08:30,Maharashtra,Navi Mumbai,Airoli, Navi Mumbai - MPCB,0.14,238.86,,,,81.37,240.01,,,,102.47,27.96,,,25.82,1.32,,,,,,,,,,,,,39.38,29.65,,,,,,,,,
03-May-2015,08:30,03-May-2015,08:45,Maharashtra,Navi Mumbai,Airoli, Navi Mumbai - MPCB,0.13,248.5,,,,78.73,274.46,,,,88.65,24.37,,,26.15,1.33,,,,,,,,,,,,,36.86,30.01,,,,,,,,,
03-May-2015,08:45,03-May-2015,09:00,Maharashtra,Navi Mumbai,Airoli, Navi Mumbai - MPCB,0.54,236.52,,,,76.63,284.03,,,,77.86,21.56,,,26.06,1.34,,,,,,,,,,,,,36.45,30.23,,,,,,,,,
03-May-2015,09:00,03-May-2015,09:15,Maharashtra,Navi Mumbai,Airoli, Navi Mumbai - MPCB,0.41,224.49,,,,74.75,304.15,,,,76.81,21.29,,,25.85,1.34,,,,,,,,,,,,,35.16,30.41,,,,,,,,,
03-May-2015,09:15,03-May-2015,09:30,Maharashtra,Navi Mumbai,Airoli, Navi Mumbai - MPCB,0.37,235.05,,,,72.42,325.95,,,,92.86,25.46,,,26.11,1.34,,,,,,,,,,,,,34.63,30.92,,,,,,,,,
03-May-2015,09:30,03-May-2015,09:45,Maharashtra,Navi Mumbai,Airoli, Navi Mumbai - MPCB,0.5,240.29,,,,70.77,385.34,,,,100.3,27.4,,,26.08,1.29,,,,,,,,,,,,,32.33,31.14,,,,,,,,,
03-May-2015,09:45,03-May-2015,10:00,Maharashtra,Navi Mumbai,Airoli, Navi Mumbai - MPCB,0.66,231.66,,,,70.29,462.04,,,,104.16,28.4,,,26.24,1.35,,,,,,,,,,,,,29.29,31.33,,,,,,,,,
03-May-2015,10:00,03-May-2015,10:15,Maharashtra,Navi Mumbai,Airoli, Navi Mumbai - MPCB,0.46,220.07,,,,68.28,528.64,,,,107.12,29.17,,,25.94,1.36,,,,,,,,,,,,,25.85,31.75,,,,,,,,,
03-May-2015,10:15,03-May-2015,10:30,Maharashtra,Navi Mumbai,Airoli, Navi Mumbai - MPCB,0.11,192.39,,,,65.35,570.21,,,,123.49,33.43,,,26.04,1.38,,,,,,,,,,,,,23.65,32.38,,,,,,,,,
03-May-2015,10:30,03-May-2015,10:45,Maharashtra,Navi Mumbai,Airoli, Navi Mumbai - MPCB,0.33,205.25,,,,63.53,589.73,,,,130.83,35.33,,,25.46,1.35,,,,,,,,,,,,,21.43,32.61,,,,,,,,,
03-May-2015,10:45,03-May-2015,11:00,Maharashtra,Navi Mumbai,Airoli, Navi Mumbai - MPCB,0.83,239.57,,,,63.42,571.36,,,,126.17,34.12,,,25.5,1.36,,,,,,,,,,,,,19.74,32.71,,,,,,,,,
03-May-2015,11:00,03-May-2015,11:15,Maharashtra,Navi Mumbai,Airoli, Navi Mumbai - MPCB,0.71,236.51,,,,63.69,629.11,,,,144.63,38.92,,,25.22,1.38,,,,,,,,,,,,,18.14,32.75,,,,,,,,,
03-May-2015,11:15,03-May-2015,11:30,Maharashtra,Navi Mumbai,Airoli, Navi Mumbai - MPCB,0.79,247.69,,,,62.56,651.8,,,,116.57,31.63,,,25.31,1.39,,,,,,,,,,,,,17.81,33.11,,,,,,,,,
03-May-2015,11:30,03-May-2015,11:45,Maharashtra,Navi Mumbai,Airoli, Navi Mumbai - MPCB,0.64,239.65,,,,61.13,667.88,,,,90.12,24.75,,,25.08,1.36,,,,,,,,,,,,,15.97,33.38,,,,,,,,,
03-May-2015,11:45,03-May-2015,12:00,Maharashtra,Navi Mumbai,Airoli, Navi Mumbai - MPCB,0.47,207.35,,,,61.65,691.0,,,,77.94,21.58,,,25.27,1.37,,,,,,,,,,,,,14.41,33.65,,,,,,,,,
03-May-2015,12:00,03-May-2015,12:15,Maharashtra,Navi Mumbai,Airoli, Navi Mumbai - MPCB,0.72,229.63,,,,58.85,713.89,,,,98.99,27.06,,,25.1,1.4,,,,,,,,,,,,,14.02,34.19,,,,,,,,,
03-May-2015,12:15,03-May-2015,12:30,Maharashtra,Navi Mumbai,Airoli, Navi Mumbai - MPCB,1.02,260.92,,,,58.72,710.43,,,,91.62,25.14,,,25.04,1.35,,,,,,,,,,,,,12.86,34.13,,,,,,,,,
03-May-2015,12:30,03-May-2015,12:45,Maharashtra,Navi Mumbai,Airoli, Navi Mumbai - MPCB,0.76,273.09,,,,58.73,630.79,,,,61.19,17.23,,,25.39,1.39,,,,,,,,,,,,,12.42,34.14,,,,,,,,,
03-May-2015,12:45,03-May-2015,13:00,Maharashtra,Navi Mumbai,Airoli, Navi Mumbai - MPCB,0.82,236.82,,,,57.4,649.98,,,,54.94,15.6,,,25.17,1.35,,,,,,,,,,,,,12.43,34.46,,,,,,,,,
03-May-2015,13:00,03-May-2015,13:15,Maharashtra,Navi Mumbai,Airoli, Navi Mumbai - MPCB,,,,,,,,,,,,,,,,,,,,,,,,,,,,,,,,,,,,,,,
03-May-2015,13:15,03-May-2015,13:30,Maharashtra,Navi Mumbai,Airoli, Navi Mumbai - MPCB,,,,,,,,,,,,,,,,,,,,,,,,,,,,,,,,,,,,,,,
03-May-2015,13:30,03-May-2015,13:45,Maharashtra,Navi Mumbai,Airoli, Navi Mumbai - MPCB,2.2,189.0,,,,56.3,646.95,,,,45.98,13.27,,,252.8,1.15,,,,,,,,,,,,,,35.0,,,,,,,,,
03-May-2015,13:45,03-May-2015,14:00,Maharashtra,Navi Mumbai,Airoli, Navi Mumbai - MPCB,0.51,244.8,,,,55.58,630.53,,,,26.55,7.81,,,115.4,1.33,,,,,,,,,,,,,2.56,35.23,,,,,,,,,
03-May-2015,14:00,03-May-2015,14:15,Maharashtra,Navi Mumbai,Airoli, Navi Mumbai - MPCB,0.46,245.29,,,,55.52,596.12,,,,,,,,38.84,1.33,,,,,,,,,,,,,9.49,35.32,,,,,,,,,
03-May-2015,14:15,03-May-2015,14:30,Maharashtra,Navi Mumbai,Airoli, Navi Mumbai - MPCB,0.27,211.73,,,,55.14,532.18,,,,,,,,28.16,1.37,,,,,,,,,,,,,9.99,35.26,,,,,,,,,
03-May-2015,14:30,03-May-2015,14:45,Maharashtra,Navi Mumbai,Airoli, Navi Mumbai - MPCB,0.64,211.16,,,,55.1,396.33,,,,,,,,26.69,1.39,,,,,,,,,,,,,9.74,35.09,,,,,,,,,
03-May-2015,14:45,03-May-2015,15:00,Maharashtra,Navi Mumbai,Airoli, Navi Mumbai - MPCB,0.39,229.85,,,,54.79,331.3,,,,,,,,26.05,1.37,,,,,,,,,,,,,9.33,34.89,,,,,,,,,
03-May-2015,15:00,03-May-2015,15:15,Maharashtra,Navi Mumbai,Airoli, Navi Mumbai - MPCB,0.4,254.3,,,,55.21,222.02,,,,37.88,11.08,,,25.97,1.39,,,,,,,,,,,,,8.75,34.74,,,,,,,,,
03-May-2015,15:15,03-May-2015,15:30,Maharashtra,Navi Mumbai,Airoli, Navi Mumbai - MPCB,0.37,273.54,,,,55.75,155.5,,,,74.77,20.76,,,25.85,1.4,,,,,,,,,,,,,8.77,34.72,,,,,,,,,
03-May-2015,15:30,03-May-2015,15:45,Maharashtra,Navi Mumbai,Airoli, Navi Mumbai - MPCB,0.5,268.25,,,,56.28,106.03,,,,68.1,19.03,,,25.45,1.38,,,,,,,,,,,,,8.29,34.52,,,,,,,,,
03-May-2015,15:45,03-May-2015,16:00,Maharashtra,Navi Mumbai,Airoli, Navi Mumbai - MPCB,0.52,233.61,,,,57.24,99.9,,,,57.77,16.34,,,25.53,1.4,,,,,,,,,,,,,6.89,34.3,,,,,,,,,
03-May-2015,16:00,03-May-2015,16:15,Maharashtra,Navi Mumbai,Airoli, Navi Mumbai - MPCB,0.47,265.62,,,,57.14,111.14,,,,57.5,16.27,,,25.3,1.43,,,,,,,,,,,,,6.8,34.27,,,,,,,,,
03-May-2015,16:15,03-May-2015,16:30,Maharashtra,Navi Mumbai,Airoli, Navi Mumbai - MPCB,0.85,219.15,,,,57.71,75.46,,,,89.57,24.61,,,25.33,1.43,,,,,,,,,,,,,6.37,34.11,,,,,,,,,
03-May-2015,16:30,03-May-2015,16:45,Maharashtra,Navi Mumbai,Airoli, Navi Mumbai - MPCB,0.34,227.26,,,,59.09,91.06,,,,100.59,27.47,,,25.2,1.41,,,,,,,,,,,,,5.15,33.97,,,,,,,,,
03-May-2015,16:45,03-May-2015,17:00,Maharashtra,Navi Mumbai,Airoli, Navi Mumbai - MPCB,0.84,238.31,,,,60.62,72.22,,,,94.61,25.92,,,25.12,1.41,,,,,,,,,,,,,5.08,33.31,,,,,,,,,
03-May-2015,17:00,03-May-2015,17:15,Maharashtra,Navi Mumbai,Airoli, Navi Mumbai - MPCB,1.07,247.72,,,,62.19,49.34,,,,69.72,19.45,,,25.23,1.43,,,,,,,,,,,,,4.1,33.07,,,,,,,,,
03-May-2015,17:15,03-May-2015,17:30,Maharashtra,Navi Mumbai,Airoli, Navi Mumbai - MPCB,1.21,220.76,,,,63.03,39.78,,,,76.7,21.26,,,25.47,1.41,,,,,,,,,,,,,3.35,32.84,,,,,,,,,
03-May-2015,17:30,03-May-2015,17:45,Maharashtra,Navi Mumbai,Airoli, Navi Mumbai - MPCB,0.75,237.15,,,,63.47,40.13,,,,88.81,24.41,,,25.33,1.44,,,,,,,,,,,,,3.22,32.65,,,,,,,,,
03-May-2015,17:45,03-May-2015,18:00,Maharashtra,Navi Mumbai,Airoli, Navi Mumbai - MPCB,0.68,226.77,,,,65.35,31.79,,,,98.75,26.99,,,25.09,1.41,,,,,,,,,,,,,3.02,32.29,,,,,,,,,
03-May-2015,18:00,03-May-2015,18:15,Maharashtra,Navi Mumbai,Airoli, Navi Mumbai - MPCB,1.17,204.12,,,,65.9,19.79,,,,87.35,24.03,,,25.28,1.4,,,,,,,,,,,,,2.96,32.26,,,,,,,,,
03-May-2015,18:15,03-May-2015,18:30,Maharashtra,Navi Mumbai,Airoli, Navi Mumbai - MPCB,0.83,218.19,,,,67.1,11.45,,,,67.24,18.8,,,25.12,1.42,,,,,,,,,,,,,2.28,31.89,,,,,,,,,
03-May-2015,18:30,03-May-2015,18:45,Maharashtra,Navi Mumbai,Airoli, Navi Mumbai - MPCB,0.43,229.95,,,,67.93,2.33,,,,51.97,14.83,,,25.11,1.43,,,,,,,,,,,,,1.96,31.73,,,,,,,,,
03-May-2015,18:45,03-May-2015,19:00,Maharashtra,Navi Mumbai,Airoli, Navi Mumbai - MPCB,0.37,242.46,,,,68.78,,,,,62.17,17.48,,,25.34,1.42,,,,,,,,,,,,,2.08,31.51,,,,,,,,,
03-May-2015,19:00,03-May-2015,19:15,Maharashtra,Navi Mumbai,Airoli, Navi Mumbai - MPCB,0.25,246.35,,,,70.2,,,,,78.94,21.84,,,25.2,1.45,,,,,,,,,,,,,1.34,31.28,,,,,,,,,
03-May-2015,19:15,03-May-2015,19:30,Maharashtra,Navi Mumbai,Airoli, Navi Mumbai - MPCB,0.2,211.18,,,,71.33,,,,,73.43,20.41,,,25.33,1.42,,,,,,,,,,,,,0.88,31.02,,,,,,,,,
03-May-2015,19:30,03-May-2015,19:45,Maharashtra,Navi Mumbai,Airoli, Navi Mumbai - MPCB,0.03,57.82,,,,71.78,,,,,55.45,15.74,,,25.3,1.42,,,,,,,,,,,,,0.8,30.69,,,,,,,,,
03-May-2015,19:45,03-May-2015,20:00,Maharashtra,Navi Mumbai,Airoli, Navi Mumbai - MPCB,0.08,322.59,,,,72.46,,,,,51.49,14.71,,,25.08,1.43,,,,,,,,,,,,,0.63,30.59,,,,,,,,,
03-May-2015,20:00,03-May-2015,20:15,Maharashtra,Navi Mumbai,Airoli, Navi Mumbai - MPCB,0.12,300.39,,,,73.23,,,,,60.63,17.08,,,25.58,1.39,,,,,,,,,,,,,0.75,30.64,,,,,,,,,
03-May-2015,20:15,03-May-2015,20:30,Maharashtra,Navi Mumbai,Airoli, Navi Mumbai - MPCB,0.18,202.32,,,,73.99,,,,,78.39,21.7,,,25.89,1.37,,,,,,,,,,,,,,30.45,,,,,,,,,
03-May-2015,20:30,03-May-2015,20:45,Maharashtra,Navi Mumbai,Airoli, Navi Mumbai - MPCB,0.08,199.59,,,,74.63,,,,,79.46,21.98,,,27.54,1.37,,,,,,,,,,,,,,30.4,,,,,,,,,
03-May-2015,20:45,03-May-2015,21:00,Maharashtra,Navi Mumbai,Airoli, Navi Mumbai - MPCB,,,,,,75.98,,,,,40.04,11.73,,,26.22,1.38,,,,,,,,,,,,,,30.26,,,,,,,,,
03-May-2015,21:00,03-May-2015,21:15,Maharashtra,Navi Mumbai,Airoli, Navi Mumbai - MPCB,,,,,,76.74,,,,,8.57,3.2,,,25.7,1.33,,,,,,,,,,,,,,29.96,,,,,,,,,
03-May-2015,21:15,03-May-2015,21:30,Maharashtra,Navi Mumbai,Airoli, Navi Mumbai - MPCB,0.02,52.34,,,,77.53,,,,,0.32,0.31,,,25.82,1.32,,,,,,,,,,,,,,29.86,,,,,,,,,
03-May-2015,21:30,03-May-2015,21:45,Maharashtra,Navi Mumbai,Airoli, Navi Mumbai - MPCB,0.03,12.0,,,,77.59,,,,,11.83,4.4,,,25.79,1.34,,,,,,,,,,,,,,30.02,,,,,,,,,
03-May-2015,21:45,03-May-2015,22:00,Maharashtra,Navi Mumbai,Airoli, Navi Mumbai - MPCB,0.04,312.0,,,,77.9,,,,,16.43,5.59,,,25.95,1.37,,,,,,,,,,,,,,29.83,,,,,,,,,
03-May-2015,22:00,03-May-2015,22:15,Maharashtra,Navi Mumbai,Airoli, Navi Mumbai - MPCB,,,,,,77.69,,,,,39.16,11.5,,,25.84,1.36,,,,,,,,,,,,,,29.72,,,,,,,,,
03-May-2015,22:15,03-May-2015,22:30,Maharashtra,Navi Mumbai,Airoli, Navi Mumbai - MPCB,0.03,7.0,,,,78.0,,,,,51.53,14.72,,,26.13,1.37,,,,,,,,,,,,,,29.69,,,,,,,,,
03-May-2015,22:30,03-May-2015,22:45,Maharashtra,Navi Mumbai,Airoli, Navi Mumbai - MPCB,,,,,,78.15,,,,,49.66,14.23,,,25.99,1.34,,,,,,,,,,,,,,29.58,,,,,,,,,
03-May-2015,22:45,03-May-2015,23:00,Maharashtra,Navi Mumbai,Airoli, Navi Mumbai - MPCB,,,,,,78.85,,,,,33.87,10.13,,,25.73,1.36,,,,,,,,,,,,,,29.39,,,,,,,,,
03-May-2015,23:00,03-May-2015,23:15,Maharashtra,Navi Mumbai,Airoli, Navi Mumbai - MPCB,,,,,,79.47,,,,,61.4,17.28,,,25.95,1.36,,,,,,,,,,,,,,29.3,,,,,,,,,
03-May-2015,23:15,03-May-2015,23:30,Maharashtra,Navi Mumbai,Airoli, Navi Mumbai - MPCB,0.02,197.0,,,,80.19,,,,,76.49,21.21,,,25.97,1.38,,,,,,,,,,,,,,29.25,,,,,,,,,
03-May-2015,23:30,03-May-2015,23:45,Maharashtra,Navi Mumbai,Airoli, Navi Mumbai - MPCB,,,,,,79.97,,,,,78.14,21.64,,,26.26,1.36,,,,,,,,,,,,,,29.32,,,,,,,,,
03-May-2015,23:45,04-May-2015,00:00,Maharashtra,Navi Mumbai,Airoli, Navi Mumbai - MPCB,,,,,,79.9,,,,,43.83,12.72,,,26.02,1.33,,,,,,,,,,,,,,29.29,,,,,,,,,
04-May-2015,00:00,04-May-2015,00:15,Maharashtra,Navi Mumbai,Airoli, Navi Mumbai - MPCB,,,,,,80.53,,,,,41.69,12.16,,,25.88,1.36,,,,,,,,,,,,,,29.43,,,,,,,,,
04-May-2015,00:15,04-May-2015,00:30,Maharashtra,Navi Mumbai,Airoli, Navi Mumbai - MPCB,0.01,358.56,,,,80.48,,,,,39.66,11.63,,,26.32,1.36,,,,,,,,,,,,,,29.34,,,,,,,,,
04-May-2015,00:30,04-May-2015,00:45,Maharashtra,Navi Mumbai,Airoli, Navi Mumbai - MPCB,0.01,167.06,,,,79.79,,,,,55.94,15.87,,,26.01,1.41,,,,,,,,,,,,,,29.48,,,,,,,,,
04-May-2015,00:45,04-May-2015,01:00,Maharashtra,Navi Mumbai,Airoli, Navi Mumbai - MPCB,,,,,,80.39,,,,,52.04,14.85,,,26.18,1.39,,,,,,,,,,,,,,29.26,,,,,,,,,
04-May-2015,01:00,04-May-2015,01:15,Maharashtra,Navi Mumbai,Airoli, Navi Mumbai - MPCB,,,,,,81.43,,,,,58.74,16.59,,,26.12,1.39,,,,,,,,,,,,,,29.02,,,,,,,,,
04-May-2015,01:15,04-May-2015,01:30,Maharashtra,Navi Mumbai,Airoli, Navi Mumbai - MPCB,,,,,,82.48,,,,,62.39,17.54,,,26.2,1.37,,,,,,,,,,,,,,28.77,,,,,,,,,
04-May-2015,01:30,04-May-2015,01:45,Maharashtra,Navi Mumbai,Airoli, Navi Mumbai - MPCB,,,,,,83.62,,,,,79.4,21.96,,,25.98,1.4,,,,,,,,,,,,,,28.48,,,,,,,,,
04-May-2015,01:45,04-May-2015,02:00,Maharashtra,Navi Mumbai,Airoli, Navi Mumbai - MPCB,,,,,,84.31,,,,,64.94,18.2,,,26.17,1.37,,,,,,,,,,,,,,28.24,,,,,,,,,
04-May-2015,02:00,04-May-2015,02:15,Maharashtra,Navi Mumbai,Airoli, Navi Mumbai - MPCB,,,,,,84.7,,,,,58.13,16.43,,,26.14,1.37,,,,,,,,,,,,,,28.1,,,,,,,,,
04-May-2015,02:15,04-May-2015,02:30,Maharashtra,Navi Mumbai,Airoli, Navi Mumbai - MPCB,,,,,,84.95,,,,,72.54,20.18,,,26.08,1.38,,,,,,,,,,,,,,28.02,,,,,,,,,
04-May-2015,02:30,04-May-2015,02:45,Maharashtra,Navi Mumbai,Airoli, Navi Mumbai - MPCB,,,,,,85.05,,,,,84.28,23.23,,,26.04,1.35,,,,,,,,,,,,,,28.01,,,,,,,,,
04-May-2015,02:45,04-May-2015,03:00,Maharashtra,Navi Mumbai,Airoli, Navi Mumbai - MPCB,,,,,,85.27,,,,,58.5,16.53,,,26.07,1.41,,,,,,,,,,,,,,27.88,,,,,,,,,
04-May-2015,03:00,04-May-2015,03:15,Maharashtra,Navi Mumbai,Airoli, Navi Mumbai - MPCB,,,,,,85.98,,,,,67.51,18.87,,,26.0,1.4,,,,,,,,,,,,,,27.7,,,,,,,,,
04-May-2015,03:15,04-May-2015,03:30,Maharashtra,Navi Mumbai,Airoli, Navi Mumbai - MPCB,,,,,,86.57,,,,,95.74,26.21,,,25.77,1.45,,,,,,,,,,,,,,27.53,,,,,,,,,
04-May-2015,03:30,04-May-2015,03:45,Maharashtra,Navi Mumbai,Airoli, Navi Mumbai - MPCB,,,,,,87.29,,,,,132.64,35.81,,,25.68,1.42,,,,,,,,,,,,,,27.49,,,,,,,,,
04-May-2015,03:45,04-May-2015,04:00,Maharashtra,Navi Mumbai,Airoli, Navi Mumbai - MPCB,,,,,,87.93,,,,,113.48,30.83,,,25.84,1.45,,,,,,,,,,,,,,27.43,,,,,,,,,
04-May-2015,04:00,04-May-2015,04:15,Maharashtra,Navi Mumbai,Airoli, Navi Mumbai - MPCB,,,,,,88.43,,,,,95.33,26.1,,,25.76,1.45,,,,,,,,,,,,,,27.33,,,,,,,,,
04-May-2015,04:15,04-May-2015,04:30,Maharashtra,Navi Mumbai,Airoli, Navi Mumbai - MPCB,,,,,,89.01,,,,,92.78,25.44,,,25.56,1.47,,,,,,,,,,,,,,27.23,,,,,,,,,
04-May-2015,04:30,04-May-2015,04:45,Maharashtra,Navi Mumbai,Airoli, Navi Mumbai - MPCB,,,,,,89.5,,,,,82.32,22.72,,,25.41,1.45,,,,,,,,,,,,,,27.17,,,,,,,,,
04-May-2015,04:45,04-May-2015,05:00,Maharashtra,Navi Mumbai,Airoli, Navi Mumbai - MPCB,,,,,,89.97,,,,,90.12,24.75,,,25.48,1.43,,,,,,,,,,,,,,27.06,,,,,,,,,
04-May-2015,05:00,04-May-2015,05:15,Maharashtra,Navi Mumbai,Airoli, Navi Mumbai - MPCB,,,,,,90.36,,,,,94.33,25.84,,,25.4,1.47,,,,,,,,,,,,,,26.9,,,,,,,,,
04-May-2015,05:15,04-May-2015,05:30,Maharashtra,Navi Mumbai,Airoli, Navi Mumbai - MPCB,,,,,,90.62,,,,,90.18,24.77,,,25.32,1.43,,,,,,,,,,,,,,26.8,,,,,,,,,
04-May-2015,05:30,04-May-2015,05:45,Maharashtra,Navi Mumbai,Airoli, Navi Mumbai - MPCB,,,,,,90.92,,,,,94.47,25.88,,,25.21,1.46,,,,,,,,,,,,,,26.8,,,,,,,,,
04-May-2015,05:45,04-May-2015,06:00,Maharashtra,Navi Mumbai,Airoli, Navi Mumbai - MPCB,,,,,,91.19,,,,,91.29,25.06,,,25.16,1.47,,,,,,,,,,,,,,26.8,,,,,,,,,
04-May-2015,06:00,04-May-2015,06:15,Maharashtra,Navi Mumbai,Airoli, Navi Mumbai - MPCB,,,,,,91.39,,,,,101.69,27.76,,,25.14,1.44,,,,,,,,,,,,,,26.78,,,,,,,,,
04-May-2015,06:15,04-May-2015,06:30,Maharashtra,Navi Mumbai,Airoli, Navi Mumbai - MPCB,,,,,,91.5,,,,,99.67,27.23,,,25.24,1.44,,,,,,,,,,,,,,26.73,,,,,,,,,
04-May-2015,06:30,04-May-2015,06:45,Maharashtra,Navi Mumbai,Airoli, Navi Mumbai - MPCB,,,,,,91.65,,,,,108.21,29.45,,,25.26,1.45,,,,,,,,,,,,,,26.78,,,,,,,,,
04-May-2015,06:45,04-May-2015,07:00,Maharashtra,Navi Mumbai,Airoli, Navi Mumbai - MPCB,,,,,,91.66,6.75,,,,122.91,33.28,,,24.99,1.47,,,,,,,,,,,,,,26.92,,,,,,,,,
04-May-2015,07:00,04-May-2015,07:15,Maharashtra,Navi Mumbai,Airoli, Navi Mumbai - MPCB,,,,,,91.33,28.03,,,,145.66,39.19,,,25.43,1.46,,,,,,,,,,,,,,27.22,,,,,,,,,
04-May-2015,07:15,04-May-2015,07:30,Maharashtra,Navi Mumbai,Airoli, Navi Mumbai - MPCB,,,,,,90.5,63.72,,,,173.66,46.47,,,25.16,1.49,,,,,,,,,,,,,,27.58,,,,,,,,,
04-May-2015,07:30,04-May-2015,07:45,Maharashtra,Navi Mumbai,Airoli, Navi Mumbai - MPCB,,,,,,88.11,110.85,,,,195.78,52.22,,,25.28,1.49,,,,,,,,,,,,,,28.05,,,,,,,,,
04-May-2015,07:45,04-May-2015,08:00,Maharashtra,Navi Mumbai,Airoli, Navi Mumbai - MPCB,0.01,86.0,,,,84.22,158.77,,,,182.79,48.85,,,25.12,1.5,,,,,,,,,,,,,,28.67,,,,,,,,,
04-May-2015,08:00,04-May-2015,08:15,Maharashtra,Navi Mumbai,Airoli, Navi Mumbai - MPCB,,,,,,79.01,211.79,,,,135.35,36.51,,,25.04,1.47,,,,,,,,,,,,,,29.36,,,,,,,,,
04-May-2015,08:15,04-May-2015,08:30,Maharashtra,Navi Mumbai,Airoli, Navi Mumbai - MPCB,0.09,60.38,,,,71.27,271.18,,,,78.43,21.71,,,25.18,1.44,,,,,,,,,,,,,,30.05,,,,,,,,,
04-May-2015,08:30,04-May-2015,08:45,Maharashtra,Navi Mumbai,Airoli, Navi Mumbai - MPCB,0.01,134.5,,,,65.16,314.95,,,,31.8,9.59,,,25.07,1.43,,,,,,,,,,,,,,30.54,,,,,,,,,
04-May-2015,08:45,04-May-2015,09:00,Maharashtra,Navi Mumbai,Airoli, Navi Mumbai - MPCB,0.03,230.62,,,,60.84,348.53,,,,24.05,7.57,,,25.24,1.44,,,,,,,,,,,,,,31.49,,,,,,,,,
04-May-2015,09:00,04-May-2015,09:15,Maharashtra,Navi Mumbai,Airoli, Navi Mumbai - MPCB,0.13,32.94,,,,61.29,373.7,,,,60.12,16.95,,,25.06,1.41,,,,,,,,,,,,,,32.08,,,,,,,,,
04-May-2015,09:15,04-May-2015,09:30,Maharashtra,Navi Mumbai,Airoli, Navi Mumbai - MPCB,0.03,353.0,,,,58.69,419.93,,,,61.86,17.4,,,25.14,1.39,,,,,,,,,,,,,,32.47,,,,,,,,,
04-May-2015,09:30,04-May-2015,09:45,Maharashtra,Navi Mumbai,Airoli, Navi Mumbai - MPCB,0.03,108.56,,,,56.02,456.72,,,,30.12,9.15,,,25.37,1.37,,,,,,,,,,,,,,33.04,,,,,,,,,
04-May-2015,09:45,04-May-2015,10:00,Maharashtra,Navi Mumbai,Airoli, Navi Mumbai - MPCB,0.07,2.4,,,,54.98,481.99,,,,12.78,4.64,,,25.6,1.38,,,,,,,,,,,,,,33.88,,,,,,,,,
04-May-2015,10:00,04-May-2015,10:15,Maharashtra,Navi Mumbai,Airoli, Navi Mumbai - MPCB,0.1,347.97,,,,52.43,520.97,,,,25.4,7.92,,,25.68,1.38,,,,,,,,,,,,,,34.31,,,,,,,,,
04-May-2015,10:15,04-May-2015,10:30,Maharashtra,Navi Mumbai,Airoli, Navi Mumbai - MPCB,0.08,20.1,,,,52.84,546.31,,,,25.31,7.9,,,25.9,1.38,,,,,,,,,,,,,14.93,34.88,,,,,,,,,
04-May-2015,10:30,04-May-2015,10:45,Maharashtra,Navi Mumbai,Airoli, Navi Mumbai - MPCB,0.07,33.18,,,,50.84,562.96,,,,54.38,15.46,,,25.77,1.41,,,,,,,,,,,,,15.97,35.19,,,,,,,,,
04-May-2015,10:45,04-May-2015,11:00,Maharashtra,Navi Mumbai,Airoli, Navi Mumbai - MPCB,0.03,262.11,,,,49.38,597.34,,,,109.01,29.66,,,25.82,1.41,,,,,,,,,,,,,15.67,35.11,,,,,,,,,
04-May-2015,11:00,04-May-2015,11:15,Maharashtra,Navi Mumbai,Airoli, Navi Mumbai - MPCB,0.04,179.09,,,,42.73,628.16,,,,119.33,32.35,,,25.8,1.42,,,,,,,,,,,,,15.58,35.82,,,,,,,,,
04-May-2015,11:15,04-May-2015,11:30,Maharashtra,Navi Mumbai,Airoli, Navi Mumbai - MPCB,0.08,37.06,,,,41.28,649.95,,,,108.34,29.49,,,26.06,1.39,,,,,,,,,,,,,15.33,36.69,,,,,,,,,
04-May-2015,11:30,04-May-2015,11:45,Maharashtra,Navi Mumbai,Airoli, Navi Mumbai - MPCB,0.28,20.6,,,,40.2,669.16,,,,113.23,30.76,,,25.92,1.4,,,,,,,,,,,,,15.63,37.32,,,,,,,,,
04-May-2015,11:45,04-May-2015,12:00,Maharashtra,Navi Mumbai,Airoli, Navi Mumbai - MPCB,0.13,353.24,,,,36.61,691.09,,,,105.56,28.76,,,25.98,1.42,,,,,,,,,,,,,15.96,37.51,,,,,,,,,
04-May-2015,12:00,04-May-2015,12:15,Maharashtra,Navi Mumbai,Airoli, Navi Mumbai - MPCB,0.31,38.13,,,,35.94,710.07,,,,73.2,20.35,,,25.94,1.42,,,,,,,,,,,,,15.47,38.08,,,,,,,,,
04-May-2015,12:15,04-May-2015,12:30,Maharashtra,Navi Mumbai,Airoli, Navi Mumbai - MPCB,0.3,53.09,,,,34.53,722.69,,,,45.42,13.13,,,25.97,1.44,,,,,,,,,,,,,15.05,37.92,,,,,,,,,
04-May-2015,12:30,04-May-2015,12:45,Maharashtra,Navi Mumbai,Airoli, Navi Mumbai - MPCB,0.25,257.52,,,,33.23,722.96,,,,46.93,13.52,,,26.18,1.42,,,,,,,,,,,,,15.28,38.29,,,,,,,,,
04-May-2015,12:45,04-May-2015,13:00,Maharashtra,Navi Mumbai,Airoli, Navi Mumbai - MPCB,0.42,226.42,,,,36.75,717.72,,,,60.58,17.07,,,25.91,1.39,,,,,,,,,,,,,15.58,37.91,,,,,,,,,
04-May-2015,13:00,04-May-2015,13:15,Maharashtra,Navi Mumbai,Airoli, Navi Mumbai - MPCB,0.58,228.96,,,,39.3,698.18,,,,82.78,22.84,,,25.82,1.41,,,,,,,,,,,,,15.45,38.63,,,,,,,,,
04-May-2015,13:15,04-May-2015,13:30,Maharashtra,Navi Mumbai,Airoli, Navi Mumbai - MPCB,0.73,235.76,,,,44.8,680.77,,,,109.8,29.87,,,26.0,1.38,,,,,,,,,,,,,15.64,37.81,,,,,,,,,
04-May-2015,13:30,04-May-2015,13:45,Maharashtra,Navi Mumbai,Airoli, Navi Mumbai - MPCB,0.44,176.25,,,,49.39,631.34,,,,105.05,28.63,,,25.99,1.44,,,,,,,,,,,,,14.88,37.55,,,,,,,,,
04-May-2015,13:45,04-May-2015,14:00,Maharashtra,Navi Mumbai,Airoli, Navi Mumbai - MPCB,1.19,209.16,,,,52.04,603.84,,,,94.87,25.99,,,26.18,1.43,,,,,,,,,,,,,15.87,36.73,,,,,,,,,
04-May-2015,14:00,04-May-2015,14:15,Maharashtra,Navi Mumbai,Airoli, Navi Mumbai - MPCB,0.55,199.71,,,,51.79,566.58,,,,80.93,22.36,,,25.89,1.44,,,,,,,,,,,,,15.7,36.78,,,,,,,,,
04-May-2015,14:15,04-May-2015,14:30,Maharashtra,Navi Mumbai,Airoli, Navi Mumbai - MPCB,0.73,189.98,,,,51.38,509.59,,,,93.37,25.6,,,25.95,1.43,,,,,,,,,,,,,15.55,36.98,,,,,,,,,
04-May-2015,14:30,04-May-2015,14:45,Maharashtra,Navi Mumbai,Airoli, Navi Mumbai - MPCB,1.45,206.03,,,,52.21,418.96,,,,97.38,26.64,,,26.1,1.46,,,,,,,,,,,,,15.33,36.66,,,,,,,,,
04-May-2015,14:45,04-May-2015,15:00,Maharashtra,Navi Mumbai,Airoli, Navi Mumbai - MPCB,1.43,237.87,,,,53.6,300.53,,,,85.56,23.57,,,26.22,1.44,,,,,,,,,,,,,16.05,36.2,,,,,,,,,
04-May-2015,15:00,04-May-2015,15:15,Maharashtra,Navi Mumbai,Airoli, Navi Mumbai - MPCB,0.39,188.27,,,,50.56,206.29,,,,80.3,22.2,,,26.23,1.46,,,,,,,,,,,,,15.59,36.86,,,,,,,,,
04-May-2015,15:15,04-May-2015,15:30,Maharashtra,Navi Mumbai,Airoli, Navi Mumbai - MPCB,0.82,187.64,,,,49.07,145.21,,,,86.75,23.88,,,25.94,1.46,,,,,,,,,,,,,15.47,36.9,,,,,,,,,
04-May-2015,15:30,04-May-2015,15:45,Maharashtra,Navi Mumbai,Airoli, Navi Mumbai - MPCB,1.03,206.1,,,,52.06,113.86,,,,87.22,24.0,,,26.09,1.44,,,,,,,,,,,,,15.58,36.55,,,,,,,,,
04-May-2015,15:45,04-May-2015,16:00,Maharashtra,Navi Mumbai,Airoli, Navi Mumbai - MPCB,1.48,219.1,,,,54.57,108.95,,,,82.0,22.64,,,25.96,1.46,,,,,,,,,,,,,15.65,35.93,,,,,,,,,
04-May-2015,16:00,04-May-2015,16:15,Maharashtra,Navi Mumbai,Airoli, Navi Mumbai - MPCB,0.75,218.98,,,,54.55,133.45,,,,72.19,20.09,,,25.9,1.46,,,,,,,,,,,,,16.64,35.94,,,,,,,,,
04-May-2015,16:15,04-May-2015,16:30,Maharashtra,Navi Mumbai,Airoli, Navi Mumbai - MPCB,0.49,246.32,,,,54.4,79.47,,,,85.4,23.52,,,25.73,1.46,,,,,,,,,,,,,16.64,35.68,,,,,,,,,
04-May-2015,16:30,04-May-2015,16:45,Maharashtra,Navi Mumbai,Airoli, Navi Mumbai - MPCB,0.46,224.16,,,,54.95,101.83,,,,82.21,22.69,,,25.78,1.5,,,,,,,,,,,,,16.09,35.49,,,,,,,,,
04-May-2015,16:45,04-May-2015,17:00,Maharashtra,Navi Mumbai,Airoli, Navi Mumbai - MPCB,0.31,218.46,,,,55.21,74.28,,,,68.96,19.25,,,25.74,1.49,,,,,,,,,,,,,16.74,35.27,,,,,,,,,
04-May-2015,17:00,04-May-2015,17:15,Maharashtra,Navi Mumbai,Airoli, Navi Mumbai - MPCB,0.22,257.45,,,,55.67,53.75,,,,70.05,19.53,,,25.53,1.48,,,,,,,,,,,,,17.2,35.05,,,,,,,,,
04-May-2015,17:15,04-May-2015,17:30,Maharashtra,Navi Mumbai,Airoli, Navi Mumbai - MPCB,0.28,179.53,,,,56.81,45.11,,,,86.81,23.89,,,25.68,1.5,,,,,,,,,,,,,16.5,34.7,,,,,,,,,
04-May-2015,17:30,04-May-2015,17:45,Maharashtra,Navi Mumbai,Airoli, Navi Mumbai - MPCB,0.22,206.03,,,,57.51,34.26,,,,94.88,25.99,,,25.52,1.51,,,,,,,,,,,,,17.88,34.46,,,,,,,,,
04-May-2015,17:45,04-May-2015,18:00,Maharashtra,Navi Mumbai,Airoli, Navi Mumbai - MPCB,0.19,201.15,,,,58.8,27.12,,,,84.56,22.18,,,25.39,1.52,,,,,,,,,,,,,17.02,34.08,,,,,,,,,
04-May-2015,18:00,04-May-2015,18:15,Maharashtra,Navi Mumbai,Airoli, Navi Mumbai - MPCB,0.11,152.9,,,,60.43,17.39,,,,91.69,19.66,,,25.49,1.53,,,,,,,,,,,,,16.45,33.75,,,,,,,,,
04-May-2015,18:15,04-May-2015,18:30,Maharashtra,Navi Mumbai,Airoli, Navi Mumbai - MPCB,0.04,234.54,,,,60.48,9.22,,,,126.78,26.68,,,25.45,1.52,,,,,,,,,,,,,17.62,33.32,,,,,,,,,
04-May-2015,18:30,04-May-2015,18:45,Maharashtra,Navi Mumbai,Airoli, Navi Mumbai - MPCB,0.1,340.01,,,,61.15,0.5,,,,117.38,24.8,,,25.31,1.57,,,,,,,,,,,,,16.93,32.97,,,,,,,,,
04-May-2015,18:45,04-May-2015,19:00,Maharashtra,Navi Mumbai,Airoli, Navi Mumbai - MPCB,0.04,217.43,,,,62.47,,,,,88.83,19.09,,,25.27,1.54,,,,,,,,,,,,,16.7,32.67,,,,,,,,,
04-May-2015,19:00,04-May-2015,19:15,Maharashtra,Navi Mumbai,Airoli, Navi Mumbai - MPCB,0.02,183.25,,,,63.38,,,,,74.15,16.15,,,25.2,1.54,,,,,,,,,,,,,16.99,32.34,,,,,,,,,
04-May-2015,19:15,04-May-2015,19:30,Maharashtra,Navi Mumbai,Airoli, Navi Mumbai - MPCB,0.15,161.83,,,,64.62,,,,,85.23,18.37,,,25.14,1.55,,,,,,,,,,,,,16.54,32.0,,,,,,,,,
04-May-2015,19:30,04-May-2015,19:45,Maharashtra,Navi Mumbai,Airoli, Navi Mumbai - MPCB,0.37,204.66,,,,65.16,,,,,76.35,16.59,,,25.13,1.54,,,,,,,,,,,,,16.77,31.73,,,,,,,,,
04-May-2015,19:45,04-May-2015,20:00,Maharashtra,Navi Mumbai,Airoli, Navi Mumbai - MPCB,0.02,188.0,,,,65.93,,,,,76.75,16.67,,,25.38,1.54,,,,,,,,,,,,,16.85,31.42,,,,,,,,,
04-May-2015,20:00,04-May-2015,20:15,Maharashtra,Navi Mumbai,Airoli, Navi Mumbai - MPCB,0.02,209.0,,,,66.98,,,,,77.83,16.89,,,25.27,1.54,,,,,,,,,,,,,16.36,31.19,,,,,,,,,
04-May-2015,20:15,04-May-2015,20:30,Maharashtra,Navi Mumbai,Airoli, Navi Mumbai - MPCB,0.02,205.0,,,,68.31,,,,,61.57,13.63,,,25.16,1.55,,,,,,,,,,,,,16.02,31.27,,,,,,,,,
04-May-2015,20:30,04-May-2015,20:45,Maharashtra,Navi Mumbai,Airoli, Navi Mumbai - MPCB,,,,,,70.06,,,,,59.97,13.31,,,25.17,1.54,,,,,,,,,,,,,15.79,30.92,,,,,,,,,
04-May-2015,20:45,04-May-2015,21:00,Maharashtra,Navi Mumbai,Airoli, Navi Mumbai - MPCB,0.03,214.0,,,,70.78,,,,,82.89,17.9,,,25.23,1.52,,,,,,,,,,,,,16.1,30.85,,,,,,,,,
04-May-2015,21:00,04-May-2015,21:15,Maharashtra,Navi Mumbai,Airoli, Navi Mumbai - MPCB,,,,,,70.78,,,,,87.65,18.85,,,25.37,1.55,,,,,,,,,,,,,16.28,30.86,,,,,,,,,
04-May-2015,21:15,04-May-2015,21:30,Maharashtra,Navi Mumbai,Airoli, Navi Mumbai - MPCB,,,,,,71.1,,,,,94.34,20.19,,,25.35,1.49,,,,,,,,,,,,,15.91,30.59,,,,,,,,,
04-May-2015,21:30,04-May-2015,21:45,Maharashtra,Navi Mumbai,Airoli, Navi Mumbai - MPCB,,,,,,71.28,,,,,120.66,25.45,,,25.29,1.48,,,,,,,,,,,,,14.39,30.4,,,,,,,,,
04-May-2015,21:45,04-May-2015,22:00,Maharashtra,Navi Mumbai,Airoli, Navi Mumbai - MPCB,0.05,128.75,,,,71.76,,,,,116.79,24.68,,,25.08,1.48,,,,,,,,,,,,,13.84,30.44,,,,,,,,,
04-May-2015,22:00,04-May-2015,22:15,Maharashtra,Navi Mumbai,Airoli, Navi Mumbai - MPCB,0.01,156.0,,,,72.05,,,,,86.53,18.63,,,25.53,1.47,,,,,,,,,,,,,14.04,30.55,,,,,,,,,
04-May-2015,22:15,04-May-2015,22:30,Maharashtra,Navi Mumbai,Airoli, Navi Mumbai - MPCB,,,,,,72.47,,,,,52.22,11.76,,,25.6,1.5,,,,,,,,,,,,,14.44,30.37,,,,,,,,,
04-May-2015,22:30,04-May-2015,22:45,Maharashtra,Navi Mumbai,Airoli, Navi Mumbai - MPCB,,,,,,73.25,,,,,63.87,14.09,,,25.8,1.49,,,,,,,,,,,,,13.45,30.1,,,,,,,,,
04-May-2015,22:45,04-May-2015,23:00,Maharashtra,Navi Mumbai,Airoli, Navi Mumbai - MPCB,,,,,,73.85,,,,,66.65,14.65,,,25.91,1.46,,,,,,,,,,,,,13.33,30.01,,,,,,,,,
04-May-2015,23:00,04-May-2015,23:15,Maharashtra,Navi Mumbai,Airoli, Navi Mumbai - MPCB,,,,,,73.72,,,,,85.96,18.51,,,25.73,1.48,,,,,,,,,,,,,13.9,29.99,,,,,,,,,
04-May-2015,23:15,04-May-2015,23:30,Maharashtra,Navi Mumbai,Airoli, Navi Mumbai - MPCB,,,,,,73.97,,,,,108.43,23.01,,,26.0,1.47,,,,,,,,,,,,,13.64,29.93,,,,,,,,,
04-May-2015,23:30,04-May-2015,23:45,Maharashtra,Navi Mumbai,Airoli, Navi Mumbai - MPCB,0.01,47.0,,,,74.26,,,,,128.21,26.96,,,25.89,1.48,,,,,,,,,,,,,13.95,29.91,,,,,,,,,
04-May-2015,23:45,05-May-2015,00:00,Maharashtra,Navi Mumbai,Airoli, Navi Mumbai - MPCB,0.25,38.37,,,,74.97,,,,,115.51,24.42,,,26.04,1.5,,,,,,,,,,,,,13.69,30.12,,,,,,,,,
05-May-2015,00:00,05-May-2015,00:15,Maharashtra,Navi Mumbai,Airoli, Navi Mumbai - MPCB,0.1,23.98,,,,75.72,,,,,104.17,22.15,,,25.99,1.48,,,,,,,,,,,,,13.53,30.27,,,,,,,,,
05-May-2015,00:15,05-May-2015,00:30,Maharashtra,Navi Mumbai,Airoli, Navi Mumbai - MPCB,0.31,21.91,,,,75.62,,,,,92.9,19.9,,,26.04,1.49,,,,,,,,,,,,,14.2,30.29,,,,,,,,,
05-May-2015,00:30,05-May-2015,00:45,Maharashtra,Navi Mumbai,Airoli, Navi Mumbai - MPCB,0.08,48.06,,,,75.63,,,,,101.34,21.59,,,26.15,1.52,,,,,,,,,,,,,13.65,30.35,,,,,,,,,
05-May-2015,00:45,05-May-2015,01:00,Maharashtra,Navi Mumbai,Airoli, Navi Mumbai - MPCB,0.19,48.61,,,,76.0,,,,,90.27,19.37,,,26.07,1.47,,,,,,,,,,,,,14.1,30.3,,,,,,,,,
05-May-2015,01:00,05-May-2015,01:15,Maharashtra,Navi Mumbai,Airoli, Navi Mumbai - MPCB,0.23,0.67,,,,76.57,,,,,67.06,14.73,,,25.97,1.51,,,,,,,,,,,,,14.02,30.23,,,,,,,,,
05-May-2015,01:15,05-May-2015,01:30,Maharashtra,Navi Mumbai,Airoli, Navi Mumbai - MPCB,0.12,347.43,,,,76.34,,,,,36.9,8.7,,,26.15,1.52,,,,,,,,,,,,,13.67,30.1,,,,,,,,,
05-May-2015,01:30,05-May-2015,01:45,Maharashtra,Navi Mumbai,Airoli, Navi Mumbai - MPCB,,,,,,76.25,,,,,31.85,7.69,,,25.79,1.52,,,,,,,,,,,,,13.93,29.89,,,,,,,,,
05-May-2015,01:45,05-May-2015,02:00,Maharashtra,Navi Mumbai,Airoli, Navi Mumbai - MPCB,0.01,104.0,,,,76.51,,,,,34.41,8.2,,,25.82,1.49,,,,,,,,,,,,,13.94,29.69,,,,,,,,,
05-May-2015,02:00,05-May-2015,02:15,Maharashtra,Navi Mumbai,Airoli, Navi Mumbai - MPCB,0.03,121.0,,,,75.21,,,,,41.34,9.59,,,25.97,1.49,,,,,,,,,,,,,13.76,29.37,,,,,,,,,
05-May-2015,02:15,05-May-2015,02:30,Maharashtra,Navi Mumbai,Airoli, Navi Mumbai - MPCB,0.03,92.39,,,,72.6,,,,,66.8,14.68,,,26.26,1.51,,,,,,,,,,,,,14.05,29.45,,,,,,,,,
05-May-2015,02:30,05-May-2015,02:45,Maharashtra,Navi Mumbai,Airoli, Navi Mumbai - MPCB,0.04,290.02,,,,72.18,,,,,70.5,15.42,,,26.11,1.53,,,,,,,,,,,,,13.04,29.79,,,,,,,,,
05-May-2015,02:45,05-May-2015,03:00,Maharashtra,Navi Mumbai,Airoli, Navi Mumbai - MPCB,0.01,344.87,,,,71.62,,,,,60.6,13.44,,,26.02,1.5,,,,,,,,,,,,,14.22,29.94,,,,,,,,,
05-May-2015,03:00,05-May-2015,03:15,Maharashtra,Navi Mumbai,Airoli, Navi Mumbai - MPCB,,,,,,72.61,,,,,60.68,13.46,,,26.14,1.52,,,,,,,,,,,,,13.91,29.72,,,,,,,,,
05-May-2015,03:15,05-May-2015,03:30,Maharashtra,Navi Mumbai,Airoli, Navi Mumbai - MPCB,,,,,,73.5,,,,,75.81,16.48,,,25.97,1.52,,,,,,,,,,,,,13.58,29.61,,,,,,,,,
05-May-2015,03:30,05-May-2015,03:45,Maharashtra,Navi Mumbai,Airoli, Navi Mumbai - MPCB,,,,,,74.38,,,,,81.88,17.7,,,25.77,1.5,,,,,,,,,,,,,13.97,29.47,,,,,,,,,
05-May-2015,03:45,05-May-2015,04:00,Maharashtra,Navi Mumbai,Airoli, Navi Mumbai - MPCB,,,,,,75.71,,,,,74.36,16.19,,,26.03,1.53,,,,,,,,,,,,,14.73,29.4,,,,,,,,,
05-May-2015,04:00,05-May-2015,04:15,Maharashtra,Navi Mumbai,Airoli, Navi Mumbai - MPCB,,,,,,76.21,,,,,85.49,18.42,,,25.92,1.54,,,,,,,,,,,,,15.39,29.27,,,,,,,,,
05-May-2015,04:15,05-May-2015,04:30,Maharashtra,Navi Mumbai,Airoli, Navi Mumbai - MPCB,,,,,,76.98,,,,,90.52,19.42,,,26.15,1.54,,,,,,,,,,,,,16.42,29.01,,,,,,,,,
05-May-2015,04:30,05-May-2015,04:45,Maharashtra,Navi Mumbai,Airoli, Navi Mumbai - MPCB,,,,,,78.36,,,,,89.42,19.2,,,25.86,1.52,,,,,,,,,,,,,15.8,28.92,,,,,,,,,
05-May-2015,04:45,05-May-2015,05:00,Maharashtra,Navi Mumbai,Airoli, Navi Mumbai - MPCB,,,,,,80.3,,,,,103.2,21.96,,,25.68,1.56,,,,,,,,,,,,,16.05,28.98,,,,,,,,,
05-May-2015,05:00,05-May-2015,05:15,Maharashtra,Navi Mumbai,Airoli, Navi Mumbai - MPCB,,,,,,82.16,,,,,118.94,25.11,,,25.83,1.54,,,,,,,,,,,,,15.99,28.77,,,,,,,,,
05-May-2015,05:15,05-May-2015,05:30,Maharashtra,Navi Mumbai,Airoli, Navi Mumbai - MPCB,,,,,,83.32,,,,,117.04,24.73,,,25.56,1.55,,,,,,,,,,,,,16.0,28.49,,,,,,,,,
05-May-2015,05:30,05-May-2015,05:45,Maharashtra,Navi Mumbai,Airoli, Navi Mumbai - MPCB,0.03,204.72,,,,83.96,,,,,109.58,23.24,,,25.32,1.54,,,,,,,,,,,,,15.81,28.53,,,,,,,,,
05-May-2015,05:45,05-May-2015,06:00,Maharashtra,Navi Mumbai,Airoli, Navi Mumbai - MPCB,,,,,,84.12,,,,,106.64,22.65,,,25.22,1.56,,,,,,,,,,,,,15.73,28.41,,,,,,,,,
05-May-2015,06:00,05-May-2015,06:15,Maharashtra,Navi Mumbai,Airoli, Navi Mumbai - MPCB,,,,,,85.08,,,,,121.65,25.65,,,25.54,1.55,,,,,,,,,,,,,16.1,28.44,,,,,,,,,
05-May-2015,06:15,05-May-2015,06:30,Maharashtra,Navi Mumbai,Airoli, Navi Mumbai - MPCB,,,,,,85.67,,,,,126.99,26.72,,,25.42,1.55,,,,,,,,,,,,,16.13,28.33,,,,,,,,,
05-May-2015,06:30,05-May-2015,06:45,Maharashtra,Navi Mumbai,Airoli, Navi Mumbai - MPCB,,,,,,85.4,,,,,133.08,27.94,,,25.11,1.58,,,,,,,,,,,,,15.22,28.17,,,,,,,,,
05-May-2015,06:45,05-May-2015,07:00,Maharashtra,Navi Mumbai,Airoli, Navi Mumbai - MPCB,0.08,183.0,,,,84.57,4.35,,,,151.08,31.54,,,25.3,1.57,,,,,,,,,,,,,15.44,28.3,,,,,,,,,
05-May-2015,07:00,05-May-2015,07:15,Maharashtra,Navi Mumbai,Airoli, Navi Mumbai - MPCB,0.03,118.5,,,,83.35,21.07,,,,162.94,33.91,,,25.37,1.59,,,,,,,,,,,,,16.3,28.64,,,,,,,,,
05-May-2015,07:15,05-May-2015,07:30,Maharashtra,Navi Mumbai,Airoli, Navi Mumbai - MPCB,0.05,124.5,,,,82.15,50.59,,,,164.23,34.17,,,25.4,1.57,,,,,,,,,,,,,16.48,29.11,,,,,,,,,
05-May-2015,07:30,05-May-2015,07:45,Maharashtra,Navi Mumbai,Airoli, Navi Mumbai - MPCB,0.34,72.22,,,,80.13,82.78,,,,154.51,32.22,,,25.28,1.59,,,,,,,,,,,,,15.65,29.42,,,,,,,,,
05-May-2015,07:45,05-May-2015,08:00,Maharashtra,Navi Mumbai,Airoli, Navi Mumbai - MPCB,0.11,101.4,,,,76.55,138.54,,,,143.41,30.0,,,25.55,1.57,,,,,,,,,,,,,15.74,29.8,,,,,,,,,
05-May-2015,08:00,05-May-2015,08:15,Maharashtra,Navi Mumbai,Airoli, Navi Mumbai - MPCB,0.04,46.7,,,,72.6,191.53,,,,113.04,23.93,,,25.22,1.57,,,,,,,,,,,,,15.37,30.43,,,,,,,,,
05-May-2015,08:15,05-May-2015,08:30,Maharashtra,Navi Mumbai,Airoli, Navi Mumbai - MPCB,0.11,226.63,,,,70.18,240.58,,,,75.82,16.48,,,25.04,1.54,,,,,,,,,,,,,15.54,30.85,,,,,,,,,
05-May-2015,08:30,05-May-2015,08:45,Maharashtra,Navi Mumbai,Airoli, Navi Mumbai - MPCB,0.16,257.13,,,,69.26,278.76,,,,62.99,13.92,,,25.31,1.58,,,,,,,,,,,,,16.12,31.43,,,,,,,,,
05-May-2015,08:45,05-May-2015,09:00,Maharashtra,Navi Mumbai,Airoli, Navi Mumbai - MPCB,0.13,222.39,,,,69.54,325.24,,,,55.03,12.33,,,25.19,1.54,,,,,,,,,,,,,15.8,31.5,,,,,,,,,
05-May-2015,09:00,05-May-2015,09:15,Maharashtra,Navi Mumbai,Airoli, Navi Mumbai - MPCB,0.59,222.68,,,,68.57,364.94,,,,52.67,11.85,,,25.26,1.55,,,,,,,,,,,,,15.8,31.44,,,,,,,,,
05-May-2015,09:15,05-May-2015,09:30,Maharashtra,Navi Mumbai,Airoli, Navi Mumbai - MPCB,0.4,221.13,,,,66.9,397.56,,,,41.78,9.68,,,25.16,1.58,,,,,,,,,,,,,14.98,31.87,,,,,,,,,
05-May-2015,09:30,05-May-2015,09:45,Maharashtra,Navi Mumbai,Airoli, Navi Mumbai - MPCB,0.46,248.02,,,,65.92,428.08,,,,55.99,12.52,,,25.22,1.57,,,,,,,,,,,,,15.29,32.25,,,,,,,,,
05-May-2015,09:45,05-May-2015,10:00,Maharashtra,Navi Mumbai,Airoli, Navi Mumbai - MPCB,0.44,235.54,,,,63.57,465.47,,,,62.27,13.77,,,25.23,1.54,,,,,,,,,,,,,15.65,32.34,,,,,,,,,
05-May-2015,10:00,05-May-2015,10:15,Maharashtra,Navi Mumbai,Airoli, Navi Mumbai - MPCB,0.15,218.98,,,,60.24,489.97,,,,100.24,21.37,,,25.15,1.51,,,,,,,,,,,,,14.14,32.92,,,,,,,,,
05-May-2015,10:15,05-May-2015,10:30,Maharashtra,Navi Mumbai,Airoli, Navi Mumbai - MPCB,0.33,233.49,,,,56.76,524.74,,,,133.57,28.03,,,25.34,1.47,,,,,,,,,,,,,13.73,33.46,,,,,,,,,
05-May-2015,10:30,05-May-2015,10:45,Maharashtra,Navi Mumbai,Airoli, Navi Mumbai - MPCB,0.25,223.39,,,,55.31,545.88,,,,104.98,22.32,,,25.22,1.51,,,,,,,,,,,,,13.33,33.54,,,,,,,,,
05-May-2015,10:45,05-May-2015,11:00,Maharashtra,Navi Mumbai,Airoli, Navi Mumbai - MPCB,0.41,197.65,,,,48.61,573.7,,,,32.07,7.56,,,25.44,1.51,,,,,,,,,,,,,13.75,34.35,,,,,,,,,
05-May-2015,11:00,05-May-2015,11:15,Maharashtra,Navi Mumbai,Airoli, Navi Mumbai - MPCB,0.54,218.33,,,,51.34,602.39,,,,0.34,0.28,,,25.72,1.5,,,,,,,,,,,,,12.89,34.7,,,,,,,,,
05-May-2015,11:15,05-May-2015,11:30,Maharashtra,Navi Mumbai,Airoli, Navi Mumbai - MPCB,0.47,244.78,,,,53.01,621.29,,,,22.24,5.77,,,25.65,1.49,,,,,,,,,,,,,13.15,34.53,,,,,,,,,
05-May-2015,11:30,05-May-2015,11:45,Maharashtra,Navi Mumbai,Airoli, Navi Mumbai - MPCB,0.51,225.73,,,,49.01,649.3,,,,40.12,9.34,,,25.82,1.5,,,,,,,,,,,,,13.34,35.01,,,,,,,,,
05-May-2015,11:45,05-May-2015,12:00,Maharashtra,Navi Mumbai,Airoli, Navi Mumbai - MPCB,0.23,232.74,,,,46.91,654.21,,,,62.29,13.78,,,25.99,1.51,,,,,,,,,,,,,13.41,36.11,,,,,,,,,
05-May-2015,12:00,05-May-2015,12:15,Maharashtra,Navi Mumbai,Airoli, Navi Mumbai - MPCB,0.28,210.32,,,,47.81,657.75,,,,93.52,20.02,,,26.1,1.52,,,,,,,,,,,,,13.19,36.4,,,,,,,,,
05-May-2015,12:15,05-May-2015,12:30,Maharashtra,Navi Mumbai,Airoli, Navi Mumbai - MPCB,0.48,206.82,,,,48.9,663.36,,,,128.44,27.01,,,25.92,1.52,,,,,,,,,,,,,13.73,36.73,,,,,,,,,
05-May-2015,12:30,05-May-2015,12:45,Maharashtra,Navi Mumbai,Airoli, Navi Mumbai - MPCB,0.46,208.4,,,,53.56,655.66,,,,149.6,31.24,,,25.83,1.54,,,,,,,,,,,,,13.77,36.3,,,,,,,,,
05-May-2015,12:45,05-May-2015,13:00,Maharashtra,Navi Mumbai,Airoli, Navi Mumbai - MPCB,1.01,228.62,,,,57.04,654.66,,,,162.55,33.83,,,25.92,1.52,,,,,,,,,,,,,13.65,35.77,,,,,,,,,
05-May-2015,13:00,05-May-2015,13:15,Maharashtra,Navi Mumbai,Airoli, Navi Mumbai - MPCB,1.34,222.63,,,,58.51,638.16,,,,233.13,47.95,,,25.89,1.55,,,,,,,,,,,,,13.1,35.65,,,,,,,,,
05-May-2015,13:15,05-May-2015,13:30,Maharashtra,Navi Mumbai,Airoli, Navi Mumbai - MPCB,0.46,258.88,,,,57.91,615.25,,,,265.25,54.37,,,25.81,1.55,,,,,,,,,,,,,12.67,36.11,,,,,,,,,
05-May-2015,13:30,05-May-2015,13:45,Maharashtra,Navi Mumbai,Airoli, Navi Mumbai - MPCB,1.24,229.98,,,,57.91,601.94,,,,224.39,46.2,,,25.99,1.57,,,,,,,,,,,,,13.34,35.94,,,,,,,,,
05-May-2015,13:45,05-May-2015,14:00,Maharashtra,Navi Mumbai,Airoli, Navi Mumbai - MPCB,0.79,222.56,,,,59.32,578.48,,,,143.61,30.04,,,25.88,1.6,,,,,,,,,,,,,13.18,35.52,,,,,,,,,
05-May-2015,14:00,05-May-2015,14:15,Maharashtra,Navi Mumbai,Airoli, Navi Mumbai - MPCB,0.89,231.68,,,,58.25,539.79,,,,97.64,20.85,,,26.17,1.58,,,,,,,,,,,,,13.65,35.73,,,,,,,,,
05-May-2015,14:15,05-May-2015,14:30,Maharashtra,Navi Mumbai,Airoli, Navi Mumbai - MPCB,0.97,243.74,,,,58.1,475.45,,,,87.6,18.84,,,26.1,1.58,,,,,,,,,,,,,12.88,35.79,,,,,,,,,
05-May-2015,14:30,05-May-2015,14:45,Maharashtra,Navi Mumbai,Airoli, Navi Mumbai - MPCB,0.69,235.47,,,,58.31,366.72,,,,71.77,15.67,,,25.66,1.57,,,,,,,,,,,,,13.31,35.61,,,,,,,,,
05-May-2015,14:45,05-May-2015,15:00,Maharashtra,Navi Mumbai,Airoli, Navi Mumbai - MPCB,0.84,192.91,,,,57.8,365.98,,,,89.12,19.14,,,25.75,1.59,,,,,,,,,,,,,13.54,35.61,,,,,,,,,
05-May-2015,15:00,05-May-2015,15:15,Maharashtra,Navi Mumbai,Airoli, Navi Mumbai - MPCB,1.25,233.28,,,,58.33,212.55,,,,131.68,27.66,,,26.02,1.6,,,,,,,,,,,,,13.05,35.37,,,,,,,,,
05-May-2015,15:15,05-May-2015,15:30,Maharashtra,Navi Mumbai,Airoli, Navi Mumbai - MPCB,1.29,206.21,,,,58.97,155.78,,,,210.11,43.34,,,25.86,1.61,,,,,,,,,,,,,13.37,35.16,,,,,,,,,
05-May-2015,15:30,05-May-2015,15:45,Maharashtra,Navi Mumbai,Airoli, Navi Mumbai - MPCB,0.89,217.16,,,,59.6,128.01,,,,189.76,39.27,,,25.84,1.6,,,,,,,,,,,,,13.08,35.01,,,,,,,,,
05-May-2015,15:45,05-May-2015,16:00,Maharashtra,Navi Mumbai,Airoli, Navi Mumbai - MPCB,1.25,208.57,,,,58.64,104.29,,,,119.04,25.13,,,26.24,1.6,,,,,,,,,,,,,13.24,35.04,,,,,,,,,
05-May-2015,16:00,05-May-2015,16:15,Maharashtra,Navi Mumbai,Airoli, Navi Mumbai - MPCB,0.92,234.88,,,,57.76,119.25,,,,53.18,11.96,,,26.2,1.61,,,,,,,,,,,,,13.08,34.92,,,,,,,,,
05-May-2015,16:15,05-May-2015,16:30,Maharashtra,Navi Mumbai,Airoli, Navi Mumbai - MPCB,1.06,230.24,,,,56.68,83.77,,,,48.98,11.12,,,25.95,1.61,,,,,,,,,,,,,13.61,34.89,,,,,,,,,
05-May-2015,16:30,05-May-2015,16:45,Maharashtra,Navi Mumbai,Airoli, Navi Mumbai - MPCB,0.82,224.58,,,,56.43,93.62,,,,33.25,7.97,,,25.91,1.62,,,,,,,,,,,,,13.97,34.79,,,,,,,,,
05-May-2015,16:45,05-May-2015,17:00,Maharashtra,Navi Mumbai,Airoli, Navi Mumbai - MPCB,0.94,230.13,,,,56.79,81.31,,,,22.53,5.83,,,25.89,1.59,,,,,,,,,,,,,13.92,34.63,,,,,,,,,
05-May-2015,17:00,05-May-2015,17:15,Maharashtra,Navi Mumbai,Airoli, Navi Mumbai - MPCB,1.01,211.09,,,,58.13,59.72,,,,44.29,10.18,,,25.92,1.65,,,,,,,,,,,,,14.17,34.33,,,,,,,,,
05-May-2015,17:15,05-May-2015,17:30,Maharashtra,Navi Mumbai,Airoli, Navi Mumbai - MPCB,0.76,236.81,,,,59.23,49.22,,,,76.33,16.59,,,25.93,1.62,,,,,,,,,,,,,14.27,34.12,,,,,,,,,
05-May-2015,17:30,05-May-2015,17:45,Maharashtra,Navi Mumbai,Airoli, Navi Mumbai - MPCB,0.98,237.96,,,,60.02,43.4,,,,88.79,19.08,,,25.79,1.65,,,,,,,,,,,,,14.92,33.89,,,,,,,,,
05-May-2015,17:45,05-May-2015,18:00,Maharashtra,Navi Mumbai,Airoli, Navi Mumbai - MPCB,0.81,255.32,,,,59.62,33.74,,,,77.95,16.91,,,25.71,1.63,,,,,,,,,,,,,13.95,33.64,,,,,,,,,
05-May-2015,18:00,05-May-2015,18:15,Maharashtra,Navi Mumbai,Airoli, Navi Mumbai - MPCB,1.12,225.69,,,,61.08,21.76,,,,61.16,13.55,,,25.72,1.63,,,,,,,,,,,,,14.68,33.29,,,,,,,,,
05-May-2015,18:15,05-May-2015,18:30,Maharashtra,Navi Mumbai,Airoli, Navi Mumbai - MPCB,0.84,221.93,,,,62.17,10.99,,,,67.05,14.73,,,25.93,1.69,,,,,,,,,,,,,14.51,33.01,,,,,,,,,
05-May-2015,18:30,05-May-2015,18:45,Maharashtra,Navi Mumbai,Airoli, Navi Mumbai - MPCB,0.45,221.09,,,,62.25,1.07,,,,71.67,15.65,,,25.69,1.69,,,,,,,,,,,,,15.03,32.79,,,,,,,,,
05-May-2015,18:45,05-May-2015,19:00,Maharashtra,Navi Mumbai,Airoli, Navi Mumbai - MPCB,0.19,201.99,,,,62.1,,,,,76.2,16.56,,,25.59,1.69,,,,,,,,,,,,,14.71,32.77,,,,,,,,,
05-May-2015,19:00,05-May-2015,19:15,Maharashtra,Navi Mumbai,Airoli, Navi Mumbai - MPCB,0.05,154.23,,,,62.22,,,,,66.62,14.64,,,25.32,1.68,,,,,,,,,,,,,14.97,32.57,,,,,,,,,
05-May-2015,19:15,05-May-2015,19:30,Maharashtra,Navi Mumbai,Airoli, Navi Mumbai - MPCB,0.27,73.41,,,,56.83,,,,,75.37,16.39,,,25.22,1.69,,,,,,,,,,,,,15.2,32.57,,,,,,,,,
05-May-2015,19:30,05-May-2015,19:45,Maharashtra,Navi Mumbai,Airoli, Navi Mumbai - MPCB,1.09,91.95,,,,37.03,,,,,12.3,3.08,,,25.2,1.66,,,,,,,,,,,,,13.75,32.47,,,,,,,,,
05-May-2015,19:45,05-May-2015,20:00,Maharashtra,Navi Mumbai,Airoli, Navi Mumbai - MPCB,0.57,136.77,,,,37.24,,,,,,,,,25.26,1.66,,,,,,,,,,,,,13.79,32.0,,,,,,,,,
05-May-2015,20:00,05-May-2015,20:15,Maharashtra,Navi Mumbai,Airoli, Navi Mumbai - MPCB,0.88,233.02,,,,41.13,,,,,8.41,2.15,,,25.59,1.67,,,,,,,,,,,,,14.34,31.18,,,,,,,,,
05-May-2015,20:15,05-May-2015,20:30,Maharashtra,Navi Mumbai,Airoli, Navi Mumbai - MPCB,0.31,224.8,,,,46.44,,,,,144.21,30.16,,,25.63,1.72,,,,,,,,,,,,,14.31,30.22,,,,,,,,,
05-May-2015,20:30,05-May-2015,20:45,Maharashtra,Navi Mumbai,Airoli, Navi Mumbai - MPCB,0.4,196.73,,,,49.15,,,,,248.65,51.05,,,25.59,1.68,,,,,,,,,,,,,14.56,30.18,,,,,,,,,
05-May-2015,20:45,05-May-2015,21:00,Maharashtra,Navi Mumbai,Airoli, Navi Mumbai - MPCB,0.05,101.76,,,,51.52,,,,,245.48,50.41,,,25.52,1.7,,,,,,,,,,,,,14.6,30.25,,,,,,,,,
05-May-2015,21:00,05-May-2015,21:15,Maharashtra,Navi Mumbai,Airoli, Navi Mumbai - MPCB,0.09,47.29,,,,52.24,,,,,220.52,45.42,,,25.35,1.72,,,,,,,,,,,,,13.84,30.09,,,,,,,,,
05-May-2015,21:15,05-May-2015,21:30,Maharashtra,Navi Mumbai,Airoli, Navi Mumbai - MPCB,0.24,39.01,,,,51.05,,,,,154.89,32.3,,,25.31,1.69,,,,,,,,,,,,,14.92,30.16,,,,,,,,,
05-May-2015,21:30,05-May-2015,21:45,Maharashtra,Navi Mumbai,Airoli, Navi Mumbai - MPCB,0.01,99.0,,,,50.93,,,,,96.14,20.55,,,25.45,1.71,,,,,,,,,,,,,14.43,29.7,,,,,,,,,
05-May-2015,21:45,05-May-2015,22:00,Maharashtra,Navi Mumbai,Airoli, Navi Mumbai - MPCB,0.0,49.0,,,,52.36,,,,,67.11,14.74,,,25.11,1.75,,,,,,,,,,,,,13.98,29.65,,,,,,,,,
05-May-2015,22:00,05-May-2015,22:15,Maharashtra,Navi Mumbai,Airoli, Navi Mumbai - MPCB,0.1,66.21,,,,52.29,,,,,53.54,12.03,,,25.02,1.74,,,,,,,,,,,,,14.69,29.53,,,,,,,,,
05-May-2015,22:15,05-May-2015,22:30,Maharashtra,Navi Mumbai,Airoli, Navi Mumbai - MPCB,,,,,,53.25,,,,,53.97,12.11,,,25.08,1.7,,,,,,,,,,,,,14.12,29.38,,,,,,,,,
05-May-2015,22:30,05-May-2015,22:45,Maharashtra,Navi Mumbai,Airoli, Navi Mumbai - MPCB,,,,,,54.5,,,,,64.65,14.25,,,25.23,1.71,,,,,,,,,,,,,14.64,29.23,,,,,,,,,
05-May-2015,22:45,05-May-2015,23:00,Maharashtra,Navi Mumbai,Airoli, Navi Mumbai - MPCB,,,,,,55.63,,,,,73.79,16.08,,,25.15,1.7,,,,,,,,,,,,,14.21,29.35,,,,,,,,,
05-May-2015,23:00,05-May-2015,23:15,Maharashtra,Navi Mumbai,Airoli, Navi Mumbai - MPCB,0.12,199.15,,,,56.82,,,,,78.86,17.09,,,25.32,1.7,,,,,,,,,,,,,13.84,29.29,,,,,,,,,
05-May-2015,23:15,05-May-2015,23:30,Maharashtra,Navi Mumbai,Airoli, Navi Mumbai - MPCB,0.14,202.43,,,,57.97,,,,,111.33,23.59,,,25.25,1.7,,,,,,,,,,,,,14.79,29.68,,,,,,,,,
05-May-2015,23:30,05-May-2015,23:45,Maharashtra,Navi Mumbai,Airoli, Navi Mumbai - MPCB,0.03,233.7,,,,58.14,,,,,127.97,26.91,,,25.18,1.71,,,,,,,,,,,,,13.98,29.65,,,,,,,,,
05-May-2015,23:45,06-May-2015,00:00,Maharashtra,Navi Mumbai,Airoli, Navi Mumbai - MPCB,0.01,164.5,,,,57.97,,,,,106.53,22.63,,,25.18,1.71,,,,,,,,,,,,,14.37,29.43,,,,,,,,,
06-May-2015,00:00,06-May-2015,00:15,Maharashtra,Navi Mumbai,Airoli, Navi Mumbai - MPCB,,,,,,56.64,,,,,72.94,15.91,,,25.39,1.69,,,,,,,,,,,,,14.06,29.17,,,,,,,,,
06-May-2015,00:15,06-May-2015,00:30,Maharashtra,Navi Mumbai,Airoli, Navi Mumbai - MPCB,,,,,,55.01,,,,,53.87,12.09,,,25.22,1.73,,,,,,,,,,,,,14.05,29.22,,,,,,,,,
06-May-2015,00:30,06-May-2015,00:45,Maharashtra,Navi Mumbai,Airoli, Navi Mumbai - MPCB,,,,,,54.48,,,,,63.92,14.1,,,25.15,1.72,,,,,,,,,,,,,14.05,29.41,,,,,,,,,
06-May-2015,00:45,06-May-2015,01:00,Maharashtra,Navi Mumbai,Airoli, Navi Mumbai - MPCB,,,,,,54.6,,,,,66.82,14.68,,,25.32,1.72,,,,,,,,,,,,,13.26,29.54,,,,,,,,,
06-May-2015,01:00,06-May-2015,01:15,Maharashtra,Navi Mumbai,Airoli, Navi Mumbai - MPCB,,,,,,55.91,,,,,74.13,16.15,,,25.26,1.71,,,,,,,,,,,,,13.59,29.48,,,,,,,,,
06-May-2015,01:15,06-May-2015,01:30,Maharashtra,Navi Mumbai,Airoli, Navi Mumbai - MPCB,,,,,,57.25,,,,,72.84,15.89,,,25.21,1.72,,,,,,,,,,,,,14.02,29.38,,,,,,,,,
06-May-2015,01:30,06-May-2015,01:45,Maharashtra,Navi Mumbai,Airoli, Navi Mumbai - MPCB,,,,,,58.34,,,,,89.08,19.14,,,25.22,1.72,,,,,,,,,,,,,13.96,29.07,,,,,,,,,
06-May-2015,01:45,06-May-2015,02:00,Maharashtra,Navi Mumbai,Airoli, Navi Mumbai - MPCB,,,,,,59.09,,,,,107.3,22.78,,,25.12,1.75,,,,,,,,,,,,,13.45,28.7,,,,,,,,,
06-May-2015,02:00,06-May-2015,02:15,Maharashtra,Navi Mumbai,Airoli, Navi Mumbai - MPCB,,,,,,60.24,,,,,99.33,21.19,,,25.2,1.69,,,,,,,,,,,,,13.03,28.64,,,,,,,,,
06-May-2015,02:15,06-May-2015,02:30,Maharashtra,Navi Mumbai,Airoli, Navi Mumbai - MPCB,,,,,,62.31,,,,,89.44,19.21,,,25.39,1.67,,,,,,,,,,,,,13.18,28.56,,,,,,,,,
06-May-2015,02:30,06-May-2015,02:45,Maharashtra,Navi Mumbai,Airoli, Navi Mumbai - MPCB,,,,,,63.24,,,,,81.56,17.63,,,25.45,1.64,,,,,,,,,,,,,12.19,28.56,,,,,,,,,
06-May-2015,02:45,06-May-2015,03:00,Maharashtra,Navi Mumbai,Airoli, Navi Mumbai - MPCB,,,,,,63.77,,,,,81.37,17.59,,,25.61,1.65,,,,,,,,,,,,,11.9,28.7,,,,,,,,,
06-May-2015,03:00,06-May-2015,03:15,Maharashtra,Navi Mumbai,Airoli, Navi Mumbai - MPCB,,,,,,64.56,,,,,73.92,16.1,,,25.66,1.64,,,,,,,,,,,,,12.13,28.59,,,,,,,,,
06-May-2015,03:15,06-May-2015,03:30,Maharashtra,Navi Mumbai,Airoli, Navi Mumbai - MPCB,,,,,,65.11,,,,,66.03,14.53,,,25.46,1.64,,,,,,,,,,,,,11.68,28.47,,,,,,,,,
06-May-2015,03:30,06-May-2015,03:45,Maharashtra,Navi Mumbai,Airoli, Navi Mumbai - MPCB,,,,,,65.51,,,,,71.59,15.64,,,25.81,1.68,,,,,,,,,,,,,12.55,28.44,,,,,,,,,
06-May-2015,03:45,06-May-2015,04:00,Maharashtra,Navi Mumbai,Airoli, Navi Mumbai - MPCB,,,,,,64.8,,,,,77.36,16.79,,,25.87,1.65,,,,,,,,,,,,,12.43,28.58,,,,,,,,,
06-May-2015,04:00,06-May-2015,04:15,Maharashtra,Navi Mumbai,Airoli, Navi Mumbai - MPCB,,,,,,66.32,,,,,76.73,16.67,,,26.15,1.68,,,,,,,,,,,,,12.32,28.64,,,,,,,,,
06-May-2015,04:15,06-May-2015,04:30,Maharashtra,Navi Mumbai,Airoli, Navi Mumbai - MPCB,,,,,,67.08,,,,,74.47,16.21,,,25.97,1.64,,,,,,,,,,,,,13.25,28.5,,,,,,,,,
06-May-2015,04:30,06-May-2015,04:45,Maharashtra,Navi Mumbai,Airoli, Navi Mumbai - MPCB,,,,,,67.53,,,,,67.49,14.82,,,25.81,1.69,,,,,,,,,,,,,12.11,28.41,,,,,,,,,
06-May-2015,04:45,06-May-2015,05:00,Maharashtra,Navi Mumbai,Airoli, Navi Mumbai - MPCB,,,,,,68.6,,,,,57.54,12.83,,,25.97,1.67,,,,,,,,,,,,,12.31,28.33,,,,,,,,,
06-May-2015,05:00,06-May-2015,05:15,Maharashtra,Navi Mumbai,Airoli, Navi Mumbai - MPCB,,,,,,68.88,,,,,51.59,11.64,,,26.07,1.68,,,,,,,,,,,,,12.77,28.54,,,,,,,,,
06-May-2015,05:15,06-May-2015,05:30,Maharashtra,Navi Mumbai,Airoli, Navi Mumbai - MPCB,,,,,,65.26,,,,,38.48,9.02,,,26.03,1.68,,,,,,,,,,,,,12.27,28.63,,,,,,,,,
06-May-2015,05:30,06-May-2015,05:45,Maharashtra,Navi Mumbai,Airoli, Navi Mumbai - MPCB,0.03,35.0,,,,64.49,,,,,34.07,8.13,,,25.85,1.68,,,,,,,,,,,,,12.32,28.85,,,,,,,,,
06-May-2015,05:45,06-May-2015,06:00,Maharashtra,Navi Mumbai,Airoli, Navi Mumbai - MPCB,0.06,222.7,,,,64.75,,,,,41.81,9.68,,,26.07,1.66,,,,,,,,,,,,,12.78,28.98,,,,,,,,,
06-May-2015,06:00,06-May-2015,06:15,Maharashtra,Navi Mumbai,Airoli, Navi Mumbai - MPCB,0.02,100.12,,,,66.29,,,,,52.82,11.88,,,25.94,1.68,,,,,,,,,,,,,12.44,29.26,,,,,,,,,
06-May-2015,06:15,06-May-2015,06:30,Maharashtra,Navi Mumbai,Airoli, Navi Mumbai - MPCB,,,,,,66.72,,,,,80.13,17.35,,,26.03,1.65,,,,,,,,,,,,,12.21,29.0,,,,,,,,,
06-May-2015,06:30,06-May-2015,06:45,Maharashtra,Navi Mumbai,Airoli, Navi Mumbai - MPCB,0.01,3.0,,,,65.02,,,,,63.37,13.99,,,26.1,1.69,,,,,,,,,,,,,13.36,28.91,,,,,,,,,
06-May-2015,06:45,06-May-2015,07:00,Maharashtra,Navi Mumbai,Airoli, Navi Mumbai - MPCB,0.08,38.1,,,,65.12,3.65,,,,48.46,11.01,,,25.86,1.67,,,,,,,,,,,,,13.0,28.71,,,,,,,,,
06-May-2015,07:00,06-May-2015,07:15,Maharashtra,Navi Mumbai,Airoli, Navi Mumbai - MPCB,0.05,15.4,,,,63.55,20.55,,,,52.2,11.76,,,26.01,1.66,,,,,,,,,,,,,13.37,28.6,,,,,,,,,
06-May-2015,07:15,06-May-2015,07:30,Maharashtra,Navi Mumbai,Airoli, Navi Mumbai - MPCB,0.07,45.5,,,,62.68,44.79,,,,72.14,15.75,,,26.02,1.67,,,,,,,,,,,,,13.22,28.75,,,,,,,,,
06-May-2015,07:30,06-May-2015,07:45,Maharashtra,Navi Mumbai,Airoli, Navi Mumbai - MPCB,,,,,,61.96,86.52,,,,75.65,16.45,,,26.17,1.68,,,,,,,,,,,,,13.61,29.26,,,,,,,,,
06-May-2015,07:45,06-May-2015,08:00,Maharashtra,Navi Mumbai,Airoli, Navi Mumbai - MPCB,,,,,,60.62,120.27,,,,75.21,16.36,,,25.86,1.69,,,,,,,,,,,,,12.38,30.15,,,,,,,,,
06-May-2015,08:00,06-May-2015,08:15,Maharashtra,Navi Mumbai,Airoli, Navi Mumbai - MPCB,0.03,7.74,,,,58.95,194.74,,,,97.15,20.75,,,26.08,1.68,,,,,,,,,,,,,12.91,30.76,,,,,,,,,
06-May-2015,08:15,06-May-2015,08:30,Maharashtra,Navi Mumbai,Airoli, Navi Mumbai - MPCB,0.06,24.53,,,,57.81,243.71,,,,111.47,23.61,,,26.07,1.68,,,,,,,,,,,,,12.66,31.12,,,,,,,,,
06-May-2015,08:30,06-May-2015,08:45,Maharashtra,Navi Mumbai,Airoli, Navi Mumbai - MPCB,0.12,38.89,,,,57.15,292.89,,,,120.55,25.43,,,25.99,1.67,,,,,,,,,,,,,13.87,31.51,,,,,,,,,
06-May-2015,08:45,06-May-2015,09:00,Maharashtra,Navi Mumbai,Airoli, Navi Mumbai - MPCB,0.13,49.96,,,,56.63,335.96,,,,120.49,25.42,,,26.19,1.71,,,,,,,,,,,,,14.34,32.01,,,,,,,,,
06-May-2015,09:00,06-May-2015,09:15,Maharashtra,Navi Mumbai,Airoli, Navi Mumbai - MPCB,0.02,240.7,,,,55.7,360.47,,,,142.87,29.89,,,25.7,1.72,,,,,,,,,,,,,14.75,32.79,,,,,,,,,
06-May-2015,09:15,06-May-2015,09:30,Maharashtra,Navi Mumbai,Airoli, Navi Mumbai - MPCB,0.3,259.64,,,,59.71,406.61,,,,174.3,36.18,,,25.88,1.75,,,,,,,,,,,,,15.5,32.28,,,,,,,,,
06-May-2015,09:30,06-May-2015,09:45,Maharashtra,Navi Mumbai,Airoli, Navi Mumbai - MPCB,0.26,245.16,,,,60.78,443.36,,,,179.31,37.18,,,25.55,1.73,,,,,,,,,,,,,15.24,32.7,,,,,,,,,
06-May-2015,09:45,06-May-2015,10:00,Maharashtra,Navi Mumbai,Airoli, Navi Mumbai - MPCB,0.32,191.8,,,,61.7,479.24,,,,159.92,33.3,,,25.36,1.74,,,,,,,,,,,,,15.08,33.18,,,,,,,,,
06-May-2015,10:00,06-May-2015,10:15,Maharashtra,Navi Mumbai,Airoli, Navi Mumbai - MPCB,0.56,252.38,,,,62.83,495.44,,,,121.12,25.54,,,25.55,1.75,,,,,,,,,,,,,15.45,32.66,,,,,,,,,
06-May-2015,10:15,06-May-2015,10:30,Maharashtra,Navi Mumbai,Airoli, Navi Mumbai - MPCB,0.4,198.91,,,,62.31,530.34,,,,106.76,22.67,,,25.08,1.76,,,,,,,,,,,,,15.8,33.3,,,,,,,,,
06-May-2015,10:30,06-May-2015,10:45,Maharashtra,Navi Mumbai,Airoli, Navi Mumbai - MPCB,0.4,209.47,,,,60.39,563.61,,,,87.64,18.85,,,25.28,1.73,,,,,,,,,,,,,15.69,33.44,,,,,,,,,
06-May-2015,10:45,06-May-2015,11:00,Maharashtra,Navi Mumbai,Airoli, Navi Mumbai - MPCB,0.08,193.81,,,,56.06,585.0,,,,44.63,10.25,,,25.33,1.74,,,,,,,,,,,,,15.33,34.17,,,,,,,,,
06-May-2015,11:00,06-May-2015,11:15,Maharashtra,Navi Mumbai,Airoli, Navi Mumbai - MPCB,0.05,345.44,,,,53.1,606.26,,,,13.47,3.72,,,25.1,1.72,,,,,,,,,,,,,15.39,35.07,,,,,,,,,
06-May-2015,11:15,06-May-2015,11:30,Maharashtra,Navi Mumbai,Airoli, Navi Mumbai - MPCB,0.1,88.21,,,,51.05,631.43,,,,,0.03,,,25.22,1.74,,,,,,,,,,,,,15.71,35.2,,,,,,,,,
06-May-2015,11:30,06-May-2015,11:45,Maharashtra,Navi Mumbai,Airoli, Navi Mumbai - MPCB,0.21,221.54,,,,48.34,667.29,,,,,,,,25.18,1.75,,,,,,,,,,,,,14.94,35.36,,,,,,,,,
06-May-2015,11:45,06-May-2015,12:00,Maharashtra,Navi Mumbai,Airoli, Navi Mumbai - MPCB,0.4,216.54,,,,41.98,684.72,,,,,,,,25.02,1.72,,,,,,,,,,,,,14.83,35.74,,,,,,,,,
06-May-2015,12:00,06-May-2015,12:15,Maharashtra,Navi Mumbai,Airoli, Navi Mumbai - MPCB,0.2,197.47,,,,43.21,664.36,,,,,,,,25.01,1.66,,,,,,,,,,,,,14.73,36.29,,,,,,,,,
06-May-2015,12:15,06-May-2015,12:30,Maharashtra,Navi Mumbai,Airoli, Navi Mumbai - MPCB,0.53,219.62,,,,44.82,665.14,,,,9.82,3.03,,,24.97,1.66,,,,,,,,,,,,,14.32,36.69,,,,,,,,,
06-May-2015,12:30,06-May-2015,12:45,Maharashtra,Navi Mumbai,Airoli, Navi Mumbai - MPCB,0.53,238.46,,,,49.22,643.49,,,,68.85,15.09,,,25.34,1.68,,,,,,,,,,,,,14.84,36.23,,,,,,,,,
06-May-2015,12:45,06-May-2015,13:00,Maharashtra,Navi Mumbai,Airoli, Navi Mumbai - MPCB,0.87,240.28,,,,51.35,632.27,,,,116.34,24.59,,,25.37,1.67,,,,,,,,,,,,,14.05,36.15,,,,,,,,,
06-May-2015,13:00,06-May-2015,13:15,Maharashtra,Navi Mumbai,Airoli, Navi Mumbai - MPCB,0.95,217.45,,,,52.06,618.49,,,,130.13,27.35,,,25.23,1.65,,,,,,,,,,,,,14.05,36.03,,,,,,,,,
06-May-2015,13:15,06-May-2015,13:30,Maharashtra,Navi Mumbai,Airoli, Navi Mumbai - MPCB,1.0,224.63,,,,52.92,604.95,,,,146.58,30.64,,,25.37,1.65,,,,,,,,,,,,,13.13,35.93,,,,,,,,,
06-May-2015,13:30,06-May-2015,13:45,Maharashtra,Navi Mumbai,Airoli, Navi Mumbai - MPCB,0.5,205.76,,,,53.53,597.66,,,,193.27,39.97,,,25.16,1.62,,,,,,,,,,,,,12.92,36.12,,,,,,,,,
06-May-2015,13:45,06-May-2015,14:00,Maharashtra,Navi Mumbai,Airoli, Navi Mumbai - MPCB,0.43,236.8,,,,51.98,585.11,,,,146.11,30.54,,,25.41,1.62,,,,,,,,,,,,,13.09,36.47,,,,,,,,,
06-May-2015,14:00,06-May-2015,14:15,Maharashtra,Navi Mumbai,Airoli, Navi Mumbai - MPCB,0.93,203.73,,,,51.99,569.81,,,,38.34,8.76,,,25.5,1.64,,,,,,,,,,,,,13.16,36.0,,,,,,,,,
06-May-2015,14:15,06-May-2015,14:30,Maharashtra,Navi Mumbai,Airoli, Navi Mumbai - MPCB,1.5,205.43,,,,52.4,534.26,,,,,0.03,,,25.58,1.65,,,,,,,,,,,,,12.72,35.64,,,,,,,,,
06-May-2015,14:30,06-May-2015,14:45,Maharashtra,Navi Mumbai,Airoli, Navi Mumbai - MPCB,1.14,226.33,,,,52.96,414.47,,,,,,,,25.77,1.64,,,,,,,,,,,,,13.21,35.55,,,,,,,,,
06-May-2015,14:45,06-May-2015,15:00,Maharashtra,Navi Mumbai,Airoli, Navi Mumbai - MPCB,1.06,228.89,,,,53.04,352.46,,,,,,,,25.81,1.66,,,,,,,,,,,,,12.91,35.56,,,,,,,,,
06-May-2015,15:00,06-May-2015,15:15,Maharashtra,Navi Mumbai,Airoli, Navi Mumbai - MPCB,1.1,243.62,,,,52.11,249.18,,,,,0.13,,,25.78,1.63,,,,,,,,,,,,,12.46,35.65,,,,,,,,,
06-May-2015,15:15,06-May-2015,15:30,Maharashtra,Navi Mumbai,Airoli, Navi Mumbai - MPCB,0.94,211.79,,,,50.59,174.06,,,,,0.04,,,25.9,1.66,,,,,,,,,,,,,12.42,35.72,,,,,,,,,
06-May-2015,15:30,06-May-2015,15:45,Maharashtra,Navi Mumbai,Airoli, Navi Mumbai - MPCB,1.31,212.08,,,,49.85,144.58,,,,,0.03,,,26.1,1.67,,,,,,,,,,,,,11.85,35.86,,,,,,,,,
06-May-2015,15:45,06-May-2015,16:00,Maharashtra,Navi Mumbai,Airoli, Navi Mumbai - MPCB,1.12,208.56,,,,49.31,97.89,,,,,,,,25.95,1.67,,,,,,,,,,,,,12.07,35.51,,,,,,,,,
06-May-2015,16:00,06-May-2015,16:15,Maharashtra,Navi Mumbai,Airoli, Navi Mumbai - MPCB,0.82,204.09,,,,47.49,95.42,,,,,0.03,,,25.81,1.63,,,,,,,,,,,,,12.21,35.67,,,,,,,,,
06-May-2015,16:15,06-May-2015,16:30,Maharashtra,Navi Mumbai,Airoli, Navi Mumbai - MPCB,0.3,187.29,,,,45.12,76.54,,,,0.58,0.85,,,25.86,1.68,,,,,,,,,,,,,11.94,35.78,,,,,,,,,
06-May-2015,16:30,06-May-2015,16:45,Maharashtra,Navi Mumbai,Airoli, Navi Mumbai - MPCB,0.24,200.59,,,,42.41,99.52,,,,,0.01,,,25.79,1.63,,,,,,,,,,,,,11.76,35.75,,,,,,,,,
06-May-2015,16:45,06-May-2015,17:00,Maharashtra,Navi Mumbai,Airoli, Navi Mumbai - MPCB,0.2,164.93,,,,42.67,86.44,,,,,,,,25.94,1.67,,,,,,,,,,,,,11.58,35.58,,,,,,,,,
06-May-2015,17:00,06-May-2015,17:15,Maharashtra,Navi Mumbai,Airoli, Navi Mumbai - MPCB,0.26,218.43,,,,43.3,59.18,,,,1.57,1.03,,,25.94,1.62,,,,,,,,,,,,,12.29,35.29,,,,,,,,,
06-May-2015,17:15,06-May-2015,17:30,Maharashtra,Navi Mumbai,Airoli, Navi Mumbai - MPCB,0.14,229.51,,,,45.68,42.0,,,,22.25,5.77,,,26.19,1.68,,,,,,,,,,,,,11.29,35.0,,,,,,,,,
06-May-2015,17:30,06-May-2015,17:45,Maharashtra,Navi Mumbai,Airoli, Navi Mumbai - MPCB,0.33,201.98,,,,46.46,37.15,,,,49.18,11.16,,,26.13,1.65,,,,,,,,,,,,,11.82,34.5,,,,,,,,,
06-May-2015,17:45,06-May-2015,18:00,Maharashtra,Navi Mumbai,Airoli, Navi Mumbai - MPCB,0.07,320.02,,,,48.26,24.01,,,,58.12,12.94,,,26.02,1.64,,,,,,,,,,,,,12.0,34.18,,,,,,,,,
06-May-2015,18:00,06-May-2015,18:15,Maharashtra,Navi Mumbai,Airoli, Navi Mumbai - MPCB,0.05,195.62,,,,51.66,16.66,,,,52.31,11.78,,,25.95,1.63,,,,,,,,,,,,,11.32,33.67,,,,,,,,,
06-May-2015,18:15,06-May-2015,18:30,Maharashtra,Navi Mumbai,Airoli, Navi Mumbai - MPCB,0.14,146.56,,,,54.01,8.66,,,,47.54,10.83,,,26.03,1.64,,,,,,,,,,,,,11.18,33.31,,,,,,,,,
06-May-2015,18:30,06-May-2015,18:45,Maharashtra,Navi Mumbai,Airoli, Navi Mumbai - MPCB,0.1,253.82,,,,55.85,2.09,,,,48.23,10.97,,,26.05,1.67,,,,,,,,,,,,,11.23,32.96,,,,,,,,,
06-May-2015,18:45,06-May-2015,19:00,Maharashtra,Navi Mumbai,Airoli, Navi Mumbai - MPCB,,,,,,58.16,,,,,48.12,10.94,,,26.07,1.69,,,,,,,,,,,,,11.61,32.62,,,,,,,,,
06-May-2015,19:00,06-May-2015,19:15,Maharashtra,Navi Mumbai,Airoli, Navi Mumbai - MPCB,0.04,245.76,,,,60.43,,,,,51.5,11.62,,,25.92,1.69,,,,,,,,,,,,,11.22,32.08,,,,,,,,,
06-May-2015,19:15,06-May-2015,19:30,Maharashtra,Navi Mumbai,Airoli, Navi Mumbai - MPCB,0.01,10.0,,,,62.48,,,,,66.52,14.62,,,26.17,1.66,,,,,,,,,,,,,11.5,31.92,,,,,,,,,
06-May-2015,19:30,06-May-2015,19:45,Maharashtra,Navi Mumbai,Airoli, Navi Mumbai - MPCB,0.03,188.47,,,,65.17,,,,,71.0,15.52,,,25.99,1.63,,,,,,,,,,,,,11.92,31.64,,,,,,,,,
06-May-2015,19:45,06-May-2015,20:00,Maharashtra,Navi Mumbai,Airoli, Navi Mumbai - MPCB,0.02,56.27,,,,67.83,,,,,77.99,16.92,,,26.1,1.71,,,,,,,,,,,,,11.13,31.31,,,,,,,,,
06-May-2015,20:00,06-May-2015,20:15,Maharashtra,Navi Mumbai,Airoli, Navi Mumbai - MPCB,,,,,,69.08,,,,,82.7,17.86,,,26.01,1.67,,,,,,,,,,,,,11.75,31.14,,,,,,,,,
06-May-2015,20:15,06-May-2015,20:30,Maharashtra,Navi Mumbai,Airoli, Navi Mumbai - MPCB,0.01,52.0,,,,69.73,,,,,76.35,16.59,,,26.26,1.67,,,,,,,,,,,,,11.29,30.96,,,,,,,,,
06-May-2015,20:30,06-May-2015,20:45,Maharashtra,Navi Mumbai,Airoli, Navi Mumbai - MPCB,0.07,19.73,,,,69.25,,,,,59.48,13.22,,,26.04,1.68,,,,,,,,,,,,,11.4,31.03,,,,,,,,,
06-May-2015,20:45,06-May-2015,21:00,Maharashtra,Navi Mumbai,Airoli, Navi Mumbai - MPCB,0.01,270.0,,,,70.33,,,,,45.8,10.48,,,26.16,1.71,,,,,,,,,,,,,11.25,30.84,,,,,,,,,
06-May-2015,21:00,06-May-2015,21:15,Maharashtra,Navi Mumbai,Airoli, Navi Mumbai - MPCB,,,,,,70.68,,,,,44.44,10.21,,,26.22,1.69,,,,,,,,,,,,,11.88,30.68,,,,,,,,,
06-May-2015,21:15,06-May-2015,21:30,Maharashtra,Navi Mumbai,Airoli, Navi Mumbai - MPCB,,,,,,71.19,,,,,57.64,12.85,,,26.15,1.72,,,,,,,,,,,,,12.61,30.5,,,,,,,,,
06-May-2015,21:30,06-May-2015,21:45,Maharashtra,Navi Mumbai,Airoli, Navi Mumbai - MPCB,,,,,,70.41,,,,,93.28,19.98,,,26.17,1.74,,,,,,,,,,,,,13.19,30.52,,,,,,,,,
06-May-2015,21:45,06-May-2015,22:00,Maharashtra,Navi Mumbai,Airoli, Navi Mumbai - MPCB,0.06,196.87,,,,71.31,,,,,85.67,18.45,,,25.92,1.73,,,,,,,,,,,,,12.96,30.42,,,,,,,,,
06-May-2015,22:00,06-May-2015,22:15,Maharashtra,Navi Mumbai,Airoli, Navi Mumbai - MPCB,0.05,215.05,,,,72.74,,,,,83.71,18.06,,,25.9,1.76,,,,,,,,,,,,,13.19,30.36,,,,,,,,,
06-May-2015,22:15,06-May-2015,22:30,Maharashtra,Navi Mumbai,Airoli, Navi Mumbai - MPCB,0.04,199.03,,,,74.12,,,,,104.08,22.14,,,25.46,1.76,,,,,,,,,,,,,13.74,30.07,,,,,,,,,
06-May-2015,22:30,06-May-2015,22:45,Maharashtra,Navi Mumbai,Airoli, Navi Mumbai - MPCB,0.65,225.26,,,,74.28,,,,,137.11,28.74,,,25.77,1.81,,,,,,,,,,,,,13.84,30.1,,,,,,,,,
06-May-2015,22:45,06-May-2015,23:00,Maharashtra,Navi Mumbai,Airoli, Navi Mumbai - MPCB,0.49,218.44,,,,74.49,,,,,117.18,24.76,,,25.49,1.76,,,,,,,,,,,,,13.82,30.08,,,,,,,,,
06-May-2015,23:00,06-May-2015,23:15,Maharashtra,Navi Mumbai,Airoli, Navi Mumbai - MPCB,0.06,244.94,,,,74.55,,,,,95.97,20.51,,,25.37,1.78,,,,,,,,,,,,,13.23,30.06,,,,,,,,,
06-May-2015,23:15,06-May-2015,23:30,Maharashtra,Navi Mumbai,Airoli, Navi Mumbai - MPCB,0.32,206.8,,,,75.35,,,,,78.79,17.08,,,25.45,1.77,,,,,,,,,,,,,13.12,30.1,,,,,,,,,
06-May-2015,23:30,06-May-2015,23:45,Maharashtra,Navi Mumbai,Airoli, Navi Mumbai - MPCB,0.07,184.0,,,,76.44,,,,,100.36,21.39,,,25.38,1.77,,,,,,,,,,,,,14.14,30.0,,,,,,,,,
06-May-2015,23:45,07-May-2015,00:00,Maharashtra,Navi Mumbai,Airoli, Navi Mumbai - MPCB,0.03,312.14,,,,77.1,,,,,112.79,23.88,,,25.35,1.8,,,,,,,,,,,,,13.44,29.77,,,,,,,,,
07-May-2015,00:00,07-May-2015,00:15,Maharashtra,Navi Mumbai,Airoli, Navi Mumbai - MPCB,,,,,,77.87,,,,,107.41,22.8,,,25.33,1.78,,,,,,,,,,,,,13.83,29.54,,,,,,,,,
07-May-2015,00:15,07-May-2015,00:30,Maharashtra,Navi Mumbai,Airoli, Navi Mumbai - MPCB,0.01,101.0,,,,78.89,,,,,75.67,16.45,,,25.3,1.77,,,,,,,,,,,,,13.31,29.49,,,,,,,,,
07-May-2015,00:30,07-May-2015,00:45,Maharashtra,Navi Mumbai,Airoli, Navi Mumbai - MPCB,0.01,112.0,,,,79.05,,,,,69.3,15.18,,,25.34,1.78,,,,,,,,,,,,,13.39,29.41,,,,,,,,,
07-May-2015,00:45,07-May-2015,01:00,Maharashtra,Navi Mumbai,Airoli, Navi Mumbai - MPCB,0.0,112.0,,,,78.84,,,,,74.62,16.24,,,25.08,1.76,,,,,,,,,,,,,12.75,29.24,,,,,,,,,
07-May-2015,01:00,07-May-2015,01:15,Maharashtra,Navi Mumbai,Airoli, Navi Mumbai - MPCB,,,,,,79.15,,,,,64.75,14.27,,,25.31,1.78,,,,,,,,,,,,,13.65,29.29,,,,,,,,,
07-May-2015,01:15,07-May-2015,01:30,Maharashtra,Navi Mumbai,Airoli, Navi Mumbai - MPCB,,,,,,79.5,,,,,59.51,13.22,,,25.24,1.81,,,,,,,,,,,,,13.19,29.25,,,,,,,,,
07-May-2015,01:30,07-May-2015,01:45,Maharashtra,Navi Mumbai,Airoli, Navi Mumbai - MPCB,,,,,,79.95,,,,,48.48,11.02,,,25.38,1.83,,,,,,,,,,,,,13.78,29.13,,,,,,,,,
07-May-2015,01:45,07-May-2015,02:00,Maharashtra,Navi Mumbai,Airoli, Navi Mumbai - MPCB,,,,,,80.33,,,,,41.76,9.67,,,25.15,1.81,,,,,,,,,,,,,13.1,29.0,,,,,,,,,
07-May-2015,02:00,07-May-2015,02:15,Maharashtra,Navi Mumbai,Airoli, Navi Mumbai - MPCB,,,,,,80.7,,,,,28.07,6.93,,,25.38,1.78,,,,,,,,,,,,,13.45,28.86,,,,,,,,,
07-May-2015,02:15,07-May-2015,02:30,Maharashtra,Navi Mumbai,Airoli, Navi Mumbai - MPCB,,,,,,81.23,,,,,31.13,7.55,,,25.2,1.78,,,,,,,,,,,,,13.14,28.72,,,,,,,,,
07-May-2015,02:30,07-May-2015,02:45,Maharashtra,Navi Mumbai,Airoli, Navi Mumbai - MPCB,,,,,,81.61,,,,,50.72,11.46,,,25.12,1.78,,,,,,,,,,,,,12.95,28.48,,,,,,,,,
07-May-2015,02:45,07-May-2015,03:00,Maharashtra,Navi Mumbai,Airoli, Navi Mumbai - MPCB,,,,,,81.94,,,,,177.89,36.9,,,25.49,1.8,,,,,,,,,,,,,12.74,28.32,,,,,,,,,
07-May-2015,03:00,07-May-2015,03:15,Maharashtra,Navi Mumbai,Airoli, Navi Mumbai - MPCB,,,,,,82.29,,,,,1398.95,281.11,,,25.39,1.79,,,,,,,,,,,,,12.77,28.24,,,,,,,,,
07-May-2015,03:15,07-May-2015,03:30,Maharashtra,Navi Mumbai,Airoli, Navi Mumbai - MPCB,,,,,,82.54,,,,,1996.0,400.52,,,25.18,1.74,,,,,,,,,,,,,11.81,28.06,,,,,,,,,
07-May-2015,03:30,07-May-2015,03:45,Maharashtra,Navi Mumbai,Airoli, Navi Mumbai - MPCB,,,,,,82.96,,,,,2097.2,420.76,,,25.15,1.73,,,,,,,,,,,,,11.78,27.96,,,,,,,,,
07-May-2015,03:45,07-May-2015,04:00,Maharashtra,Navi Mumbai,Airoli, Navi Mumbai - MPCB,,,,,,83.4,,,,,1326.85,266.69,,,25.26,1.73,,,,,,,,,,,,,11.29,27.9,,,,,,,,,
07-May-2015,04:00,07-May-2015,04:15,Maharashtra,Navi Mumbai,Airoli, Navi Mumbai - MPCB,,,,,,83.78,,,,,172.84,35.89,,,25.42,1.71,,,,,,,,,,,,,11.61,27.85,,,,,,,,,
07-May-2015,04:15,07-May-2015,04:30,Maharashtra,Navi Mumbai,Airoli, Navi Mumbai - MPCB,,,,,,84.34,,,,,15.98,3.72,,,25.59,1.72,,,,,,,,,,,,,11.01,27.75,,,,,,,,,
07-May-2015,04:30,07-May-2015,04:45,Maharashtra,Navi Mumbai,Airoli, Navi Mumbai - MPCB,,,,,,84.6,,,,,,,,,25.7,1.74,,,,,,,,,,,,,11.16,27.71,,,,,,,,,
07-May-2015,04:45,07-May-2015,05:00,Maharashtra,Navi Mumbai,Airoli, Navi Mumbai - MPCB,,,,,,84.55,,,,,3.08,1.1,,,25.85,1.74,,,,,,,,,,,,,10.95,27.68,,,,,,,,,
07-May-2015,05:00,07-May-2015,05:15,Maharashtra,Navi Mumbai,Airoli, Navi Mumbai - MPCB,,,,,,84.51,,,,,17.05,4.73,,,25.8,1.71,,,,,,,,,,,,,11.31,27.81,,,,,,,,,
07-May-2015,05:15,07-May-2015,05:30,Maharashtra,Navi Mumbai,Airoli, Navi Mumbai - MPCB,0.03,57.0,,,,84.68,,,,,33.24,7.97,,,25.79,1.68,,,,,,,,,,,,,11.71,27.83,,,,,,,,,
07-May-2015,05:30,07-May-2015,05:45,Maharashtra,Navi Mumbai,Airoli, Navi Mumbai - MPCB,0.04,45.13,,,,84.17,,,,,38.28,8.98,,,26.03,1.72,,,,,,,,,,,,,10.83,27.82,,,,,,,,,
07-May-2015,05:45,07-May-2015,06:00,Maharashtra,Navi Mumbai,Airoli, Navi Mumbai - MPCB,0.01,50.0,,,,84.36,,,,,52.42,11.8,,,25.98,1.74,,,,,,,,,,,,,10.53,27.79,,,,,,,,,
07-May-2015,06:00,07-May-2015,06:15,Maharashtra,Navi Mumbai,Airoli, Navi Mumbai - MPCB,0.01,50.0,,,,84.44,,,,,54.39,12.2,,,25.98,1.75,,,,,,,,,,,,,11.12,27.82,,,,,,,,,
07-May-2015,06:15,07-May-2015,06:30,Maharashtra,Navi Mumbai,Airoli, Navi Mumbai - MPCB,,,,,,84.34,,,,,52.42,11.8,,,26.02,1.71,,,,,,,,,,,,,10.85,27.8,,,,,,,,,
07-May-2015,06:30,07-May-2015,06:45,Maharashtra,Navi Mumbai,Airoli, Navi Mumbai - MPCB,,,,,,84.94,,,,,42.12,9.74,,,25.97,1.7,,,,,,,,,,,,,11.14,27.79,,,,,,,,,
07-May-2015,06:45,07-May-2015,07:00,Maharashtra,Navi Mumbai,Airoli, Navi Mumbai - MPCB,0.01,61.0,,,,85.31,,,,,73.73,16.07,,,26.44,1.72,,,,,,,,,,,,,11.62,27.91,,,,,,,,,
07-May-2015,07:00,07-May-2015,07:15,Maharashtra,Navi Mumbai,Airoli, Navi Mumbai - MPCB,0.1,41.45,,,,85.36,9.44,,,,105.69,22.46,,,25.98,1.72,,,,,,,,,,,,,11.23,28.09,,,,,,,,,
07-May-2015,07:15,07-May-2015,07:30,Maharashtra,Navi Mumbai,Airoli, Navi Mumbai - MPCB,0.22,49.64,,,,84.41,39.13,,,,118.3,24.98,,,26.11,1.72,,,,,,,,,,,,,10.61,28.37,,,,,,,,,
07-May-2015,07:30,07-May-2015,07:45,Maharashtra,Navi Mumbai,Airoli, Navi Mumbai - MPCB,,,,,,83.2,103.25,,,,125.54,26.43,,,26.04,1.72,,,,,,,,,,,,,10.49,28.79,,,,,,,,,
07-May-2015,07:45,07-May-2015,08:00,Maharashtra,Navi Mumbai,Airoli, Navi Mumbai - MPCB,0.38,49.7,,,,80.59,154.17,,,,125.22,26.36,,,26.12,1.73,,,,,,,,,,,,,11.56,29.13,,,,,,,,,
07-May-2015,08:00,07-May-2015,08:15,Maharashtra,Navi Mumbai,Airoli, Navi Mumbai - MPCB,0.07,64.4,,,,78.55,191.03,,,,97.57,20.83,,,26.21,1.71,,,,,,,,,,,,,10.4,29.65,,,,,,,,,
07-May-2015,08:15,07-May-2015,08:30,Maharashtra,Navi Mumbai,Airoli, Navi Mumbai - MPCB,0.0,29.0,,,,75.49,228.77,,,,62.79,13.88,,,26.23,1.72,,,,,,,,,,,,,11.45,30.31,,,,,,,,,
07-May-2015,08:30,07-May-2015,08:45,Maharashtra,Navi Mumbai,Airoli, Navi Mumbai - MPCB,0.12,54.29,,,,72.8,288.8,,,,49.66,11.25,,,26.26,1.69,,,,,,,,,,,,,11.19,30.76,,,,,,,,,
07-May-2015,08:45,07-May-2015,09:00,Maharashtra,Navi Mumbai,Airoli, Navi Mumbai - MPCB,0.02,127.2,,,,69.73,325.45,,,,58.26,12.97,,,26.08,1.73,,,,,,,,,,,,,11.46,31.51,,,,,,,,,
07-May-2015,09:00,07-May-2015,09:15,Maharashtra,Navi Mumbai,Airoli, Navi Mumbai - MPCB,0.01,24.0,,,,65.32,363.73,,,,59.95,13.31,,,26.29,1.75,,,,,,,,,,,,,11.38,32.47,,,,,,,,,
07-May-2015,09:15,07-May-2015,09:30,Maharashtra,Navi Mumbai,Airoli, Navi Mumbai - MPCB,0.09,211.64,,,,63.18,404.37,,,,53.3,11.98,,,26.14,1.71,,,,,,,,,,,,,11.9,32.44,,,,,,,,,
07-May-2015,09:30,07-May-2015,09:45,Maharashtra,Navi Mumbai,Airoli, Navi Mumbai - MPCB,0.03,13.14,,,,63.8,429.89,,,,63.61,14.04,,,26.08,1.72,,,,,,,,,,,,,11.24,33.33,,,,,,,,,
07-May-2015,09:45,07-May-2015,10:00,Maharashtra,Navi Mumbai,Airoli, Navi Mumbai - MPCB,0.22,211.51,,,,62.15,459.38,,,,83.31,17.98,,,26.01,1.7,,,,,,,,,,,,,11.42,33.09,,,,,,,,,
07-May-2015,10:00,07-May-2015,10:15,Maharashtra,Navi Mumbai,Airoli, Navi Mumbai - MPCB,0.01,358.67,,,,57.1,488.36,,,,92.07,19.73,,,26.09,1.75,,,,,,,,,,,,,12.52,33.66,,,,,,,,,
07-May-2015,10:15,07-May-2015,10:30,Maharashtra,Navi Mumbai,Airoli, Navi Mumbai - MPCB,0.17,230.54,,,,54.27,514.27,,,,89.96,19.31,,,26.18,1.76,,,,,,,,,,,,,12.52,34.14,,,,,,,,,
07-May-2015,10:30,07-May-2015,10:45,Maharashtra,Navi Mumbai,Airoli, Navi Mumbai - MPCB,0.02,14.78,,,,48.26,552.93,,,,79.71,17.26,,,25.99,1.75,,,,,,,,,,,,,12.97,34.56,,,,,,,,,
07-May-2015,10:45,07-May-2015,11:00,Maharashtra,Navi Mumbai,Airoli, Navi Mumbai - MPCB,0.06,167.31,,,,49.14,582.97,,,,76.12,16.54,,,25.63,1.77,,,,,,,,,,,,,13.45,35.11,,,,,,,,,
07-May-2015,11:00,07-May-2015,11:15,Maharashtra,Navi Mumbai,Airoli, Navi Mumbai - MPCB,0.11,225.01,,,,51.07,596.24,,,,85.66,18.48,,,25.69,1.77,,,,,,,,,,,,,15.8,35.07,,,,,,,,,
07-May-2015,11:15,07-May-2015,11:30,Maharashtra,Navi Mumbai,Airoli, Navi Mumbai - MPCB,0.11,208.76,,,,50.63,620.28,,,,96.71,20.72,,,25.37,1.8,,,,,,,,,,,,,17.19,35.56,,,,,,,,,
07-May-2015,11:30,07-May-2015,11:45,Maharashtra,Navi Mumbai,Airoli, Navi Mumbai - MPCB,0.15,179.68,,,,50.33,626.57,,,,111.79,23.74,,,25.55,1.83,,,,,,,,,,,,,17.16,36.18,,,,,,,,,
07-May-2015,11:45,07-May-2015,12:00,Maharashtra,Navi Mumbai,Airoli, Navi Mumbai - MPCB,0.24,245.51,,,,50.54,656.51,,,,108.41,23.06,,,25.39,1.8,,,,,,,,,,,,,17.38,35.69,,,,,,,,,
07-May-2015,12:00,07-May-2015,12:15,Maharashtra,Navi Mumbai,Airoli, Navi Mumbai - MPCB,0.21,229.05,,,,48.48,683.45,,,,97.09,20.8,,,25.41,1.82,,,,,,,,,,,,,17.12,36.65,,,,,,,,,
07-May-2015,12:15,07-May-2015,12:30,Maharashtra,Navi Mumbai,Airoli, Navi Mumbai - MPCB,0.57,224.62,,,,49.23,694.35,,,,49.42,11.26,,,25.49,1.8,,,,,,,,,,,,,17.11,36.32,,,,,,,,,
07-May-2015,12:30,07-May-2015,12:45,Maharashtra,Navi Mumbai,Airoli, Navi Mumbai - MPCB,0.41,231.51,,,,51.96,687.04,,,,25.25,6.43,,,25.26,1.81,,,,,,,,,,,,,17.18,36.05,,,,,,,,,
07-May-2015,12:45,07-May-2015,13:00,Maharashtra,Navi Mumbai,Airoli, Navi Mumbai - MPCB,0.56,242.93,,,,53.9,687.14,,,,74.78,16.34,,,25.48,1.82,,,,,,,,,,,,,16.0,36.37,,,,,,,,,
07-May-2015,13:00,07-May-2015,13:15,Maharashtra,Navi Mumbai,Airoli, Navi Mumbai - MPCB,0.96,242.78,,,,54.83,674.03,,,,200.04,41.39,,,25.62,1.76,,,,,,,,,,,,,16.07,36.31,,,,,,,,,
07-May-2015,13:15,07-May-2015,13:30,Maharashtra,Navi Mumbai,Airoli, Navi Mumbai - MPCB,0.44,243.66,,,,54.13,648.72,,,,176.54,36.69,,,25.65,1.77,,,,,,,,,,,,,16.35,36.57,,,,,,,,,
07-May-2015,13:30,07-May-2015,13:45,Maharashtra,Navi Mumbai,Airoli, Navi Mumbai - MPCB,1.01,212.48,,,,53.88,615.97,,,,63.91,14.16,,,25.69,1.78,,,,,,,,,,,,,15.89,36.72,,,,,,,,,
07-May-2015,13:45,07-May-2015,14:00,Maharashtra,Navi Mumbai,Airoli, Navi Mumbai - MPCB,0.18,205.77,,,,54.1,585.03,,,,1.07,0.49,,,25.7,1.74,,,,,,,,,,,,,15.57,36.85,,,,,,,,,
07-May-2015,14:00,07-May-2015,14:15,Maharashtra,Navi Mumbai,Airoli, Navi Mumbai - MPCB,1.04,229.74,,,,54.98,556.5,,,,8.34,2.86,,,26.04,1.77,,,,,,,,,,,,,15.5,36.62,,,,,,,,,
07-May-2015,14:15,07-May-2015,14:30,Maharashtra,Navi Mumbai,Airoli, Navi Mumbai - MPCB,1.0,207.96,,,,54.92,538.97,,,,3.31,1.41,,,25.83,1.8,,,,,,,,,,,,,15.06,36.37,,,,,,,,,
07-May-2015,14:30,07-May-2015,14:45,Maharashtra,Navi Mumbai,Airoli, Navi Mumbai - MPCB,0.58,218.82,,,,52.36,442.44,,,,,,,,26.28,1.78,,,,,,,,,,,,,15.4,37.05,,,,,,,,,
07-May-2015,14:45,07-May-2015,15:00,Maharashtra,Navi Mumbai,Airoli, Navi Mumbai - MPCB,0.2,192.77,,,,51.22,287.17,,,,42.78,6.38,,,26.03,1.78,,,,,,,,,,,,,15.67,37.23,,,,,,,,,
07-May-2015,15:00,07-May-2015,15:15,Maharashtra,Navi Mumbai,Airoli, Navi Mumbai - MPCB,0.38,219.15,,,,50.87,302.24,,,,62.94,9.72,,,25.92,1.77,,,,,,,,,,,,,16.18,37.14,,,,,,,,,
07-May-2015,15:15,07-May-2015,15:30,Maharashtra,Navi Mumbai,Airoli, Navi Mumbai - MPCB,0.48,158.02,,,,50.89,155.31,,,,78.95,13.86,,,26.08,1.77,,,,,,,,,,,,,15.93,37.11,,,,,,,,,
07-May-2015,15:30,07-May-2015,15:45,Maharashtra,Navi Mumbai,Airoli, Navi Mumbai - MPCB,0.13,220.61,,,,50.88,128.18,,,,71.49,16.94,,,25.82,1.77,,,,,,,,,,,,,15.99,36.73,,,,,,,,,
07-May-2015,15:45,07-May-2015,16:00,Maharashtra,Navi Mumbai,Airoli, Navi Mumbai - MPCB,0.55,201.04,,,,51.48,106.59,,,,49.87,15.11,,,25.89,1.78,,,,,,,,,,,,,15.64,36.31,,,,,,,,,
07-May-2015,16:00,07-May-2015,16:15,Maharashtra,Navi Mumbai,Airoli, Navi Mumbai - MPCB,0.62,208.57,,,,51.43,98.01,,,,37.21,12.57,,,25.88,1.8,,,,,,,,,,,,,15.92,36.09,,,,,,,,,
07-May-2015,16:15,07-May-2015,16:30,Maharashtra,Navi Mumbai,Airoli, Navi Mumbai - MPCB,0.41,233.72,,,,50.2,76.48,,,,31.49,11.43,,,25.74,1.84,,,,,,,,,,,,,15.43,36.11,,,,,,,,,
07-May-2015,16:30,07-May-2015,16:45,Maharashtra,Navi Mumbai,Airoli, Navi Mumbai - MPCB,0.05,309.06,,,,48.58,85.46,,,,21.2,9.37,,,26.16,1.81,,,,,,,,,,,,,15.79,35.97,,,,,,,,,
07-May-2015,16:45,07-May-2015,17:00,Maharashtra,Navi Mumbai,Airoli, Navi Mumbai - MPCB,0.06,356.02,,,,45.96,100.14,,,,13.77,7.89,,,26.03,1.85,,,,,,,,,,,,,15.0,35.74,,,,,,,,,
07-May-2015,17:00,07-May-2015,17:15,Maharashtra,Navi Mumbai,Airoli, Navi Mumbai - MPCB,0.42,239.55,,,,44.64,64.43,,,,13.54,7.84,,,25.89,1.82,,,,,,,,,,,,,15.85,35.56,,,,,,,,,
07-May-2015,17:15,07-May-2015,17:30,Maharashtra,Navi Mumbai,Airoli, Navi Mumbai - MPCB,0.1,225.05,,,,43.47,41.14,,,,29.28,10.99,,,25.99,1.8,,,,,,,,,,,,,15.63,35.4,,,,,,,,,
07-May-2015,17:30,07-May-2015,17:45,Maharashtra,Navi Mumbai,Airoli, Navi Mumbai - MPCB,0.02,7.94,,,,43.57,40.01,,,,43.09,13.75,,,25.9,1.83,,,,,,,,,,,,,15.13,35.39,,,,,,,,,
07-May-2015,17:45,07-May-2015,18:00,Maharashtra,Navi Mumbai,Airoli, Navi Mumbai - MPCB,0.08,5.83,,,,43.39,28.14,,,,53.91,15.91,,,25.88,1.83,,,,,,,,,,,,,15.3,35.07,,,,,,,,,
07-May-2015,18:00,07-May-2015,18:15,Maharashtra,Navi Mumbai,Airoli, Navi Mumbai - MPCB,0.01,6.0,,,,43.43,16.17,,,,66.07,18.35,,,26.25,1.83,,,,,,,,,,,,,15.13,34.72,,,,,,,,,
07-May-2015,18:15,07-May-2015,18:30,Maharashtra,Navi Mumbai,Airoli, Navi Mumbai - MPCB,,,,,,43.87,8.36,,,,86.12,22.36,,,26.08,1.84,,,,,,,,,,,,,15.47,34.51,,,,,,,,,
07-May-2015,18:30,07-May-2015,18:45,Maharashtra,Navi Mumbai,Airoli, Navi Mumbai - MPCB,0.07,35.7,,,,42.51,0.89,,,,95.13,24.16,,,26.09,1.87,,,,,,,,,,,,,14.71,34.32,,,,,,,,,
07-May-2015,18:45,07-May-2015,19:00,Maharashtra,Navi Mumbai,Airoli, Navi Mumbai - MPCB,,,,,,47.5,,,,,108.6,26.85,,,26.07,1.82,,,,,,,,,,,,,15.38,33.83,,,,,,,,,
07-May-2015,19:00,07-May-2015,19:15,Maharashtra,Navi Mumbai,Airoli, Navi Mumbai - MPCB,0.03,156.93,,,,50.35,,,,,118.83,28.9,,,26.07,1.81,,,,,,,,,,,,,15.56,33.32,,,,,,,,,
07-May-2015,19:15,07-May-2015,19:30,Maharashtra,Navi Mumbai,Airoli, Navi Mumbai - MPCB,,,,,,52.22,,,,,103.94,25.92,,,26.07,1.83,,,,,,,,,,,,,14.71,32.98,,,,,,,,,
07-May-2015,19:30,07-May-2015,19:45,Maharashtra,Navi Mumbai,Airoli, Navi Mumbai - MPCB,0.01,177.0,,,,54.58,,,,,107.78,26.69,,,26.17,1.83,,,,,,,,,,,,,15.24,32.37,,,,,,,,,
07-May-2015,19:45,07-May-2015,20:00,Maharashtra,Navi Mumbai,Airoli, Navi Mumbai - MPCB,0.02,248.32,,,,54.62,,,,,107.47,26.63,,,26.03,1.86,,,,,,,,,,,,,15.42,32.18,,,,,,,,,
07-May-2015,20:00,07-May-2015,20:15,Maharashtra,Navi Mumbai,Airoli, Navi Mumbai - MPCB,,,,,,55.88,,,,,117.65,28.66,,,26.09,1.86,,,,,,,,,,,,,14.63,31.86,,,,,,,,,
07-May-2015,20:15,07-May-2015,20:30,Maharashtra,Navi Mumbai,Airoli, Navi Mumbai - MPCB,,,,,,55.71,,,,,90.07,23.15,,,25.95,1.84,,,,,,,,,,,,,14.86,31.85,,,,,,,,,
07-May-2015,20:30,07-May-2015,20:45,Maharashtra,Navi Mumbai,Airoli, Navi Mumbai - MPCB,0.01,90.0,,,,57.58,,,,,90.83,23.3,,,26.03,1.86,,,,,,,,,,,,,14.95,31.87,,,,,,,,,
07-May-2015,20:45,07-May-2015,21:00,Maharashtra,Navi Mumbai,Airoli, Navi Mumbai - MPCB,0.01,94.93,,,,58.1,,,,,99.84,25.1,,,26.14,1.87,,,,,,,,,,,,,15.23,31.69,,,,,,,,,
07-May-2015,21:00,07-May-2015,21:15,Maharashtra,Navi Mumbai,Airoli, Navi Mumbai - MPCB,0.04,237.52,,,,59.28,,,,,110.07,27.15,,,26.28,1.84,,,,,,,,,,,,,15.04,31.75,,,,,,,,,
07-May-2015,21:15,07-May-2015,21:30,Maharashtra,Navi Mumbai,Airoli, Navi Mumbai - MPCB,0.06,184.05,,,,60.95,,,,,122.71,29.67,,,25.94,1.85,,,,,,,,,,,,,15.38,31.64,,,,,,,,,
07-May-2015,21:30,07-May-2015,21:45,Maharashtra,Navi Mumbai,Airoli, Navi Mumbai - MPCB,0.02,212.0,,,,64.25,,,,,129.76,31.08,,,25.75,1.86,,,,,,,,,,,,,15.35,31.36,,,,,,,,,
07-May-2015,21:45,07-May-2015,22:00,Maharashtra,Navi Mumbai,Airoli, Navi Mumbai - MPCB,0.1,217.04,,,,65.84,,,,,145.3,34.19,,,25.82,1.89,,,,,,,,,,,,,15.41,31.26,,,,,,,,,
07-May-2015,22:00,07-May-2015,22:15,Maharashtra,Navi Mumbai,Airoli, Navi Mumbai - MPCB,,,,,,67.38,,,,,128.82,30.9,,,25.97,1.87,,,,,,,,,,,,,15.28,30.96,,,,,,,,,
07-May-2015,22:15,07-May-2015,22:30,Maharashtra,Navi Mumbai,Airoli, Navi Mumbai - MPCB,,,,,,67.83,,,,,119.54,29.04,,,26.05,1.86,,,,,,,,,,,,,15.05,30.87,,,,,,,,,
07-May-2015,22:30,07-May-2015,22:45,Maharashtra,Navi Mumbai,Airoli, Navi Mumbai - MPCB,,,,,,67.96,,,,,119.44,29.02,,,26.06,1.86,,,,,,,,,,,,,15.76,30.77,,,,,,,,,
07-May-2015,22:45,07-May-2015,23:00,Maharashtra,Navi Mumbai,Airoli, Navi Mumbai - MPCB,0.01,299.0,,,,67.28,,,,,148.42,34.82,,,26.14,1.9,,,,,,,,,,,,,16.25,30.72,,,,,,,,,
07-May-2015,23:00,07-May-2015,23:15,Maharashtra,Navi Mumbai,Airoli, Navi Mumbai - MPCB,,,,,,68.17,,,,,162.75,37.68,,,25.75,1.91,,,,,,,,,,,,,16.64,30.41,,,,,,,,,
07-May-2015,23:15,07-May-2015,23:30,Maharashtra,Navi Mumbai,Airoli, Navi Mumbai - MPCB,0.05,203.58,,,,70.02,,,,,170.64,39.26,,,26.03,1.93,,,,,,,,,,,,,17.3,30.36,,,,,,,,,
07-May-2015,23:30,07-May-2015,23:45,Maharashtra,Navi Mumbai,Airoli, Navi Mumbai - MPCB,0.09,241.78,,,,71.19,,,,,173.57,39.85,,,25.7,1.93,,,,,,,,,,,,,17.0,30.39,,,,,,,,,
07-May-2015,23:45,08-May-2015,00:00,Maharashtra,Navi Mumbai,Airoli, Navi Mumbai - MPCB,0.04,263.28,,,,72.02,,,,,167.92,38.72,,,25.68,1.95,,,,,,,,,,,,,17.17,30.3,,,,,,,,,
08-May-2015,00:00,08-May-2015,00:15,Maharashtra,Navi Mumbai,Airoli, Navi Mumbai - MPCB,0.29,247.86,,,,73.83,,,,,162.73,37.68,,,25.33,1.91,,,,,,,,,,,,,17.28,30.31,,,,,,,,,
08-May-2015,00:15,08-May-2015,00:30,Maharashtra,Navi Mumbai,Airoli, Navi Mumbai - MPCB,0.01,6.14,,,,75.13,,,,,174.62,40.06,,,25.46,1.92,,,,,,,,,,,,,16.98,30.32,,,,,,,,,
08-May-2015,00:30,08-May-2015,00:45,Maharashtra,Navi Mumbai,Airoli, Navi Mumbai - MPCB,0.06,166.0,,,,76.41,,,,,172.56,39.64,,,25.13,1.9,,,,,,,,,,,,,17.07,30.22,,,,,,,,,
08-May-2015,00:45,08-May-2015,01:00,Maharashtra,Navi Mumbai,Airoli, Navi Mumbai - MPCB,0.02,175.08,,,,76.33,,,,,153.6,35.85,,,25.43,1.91,,,,,,,,,,,,,17.44,30.02,,,,,,,,,
08-May-2015,01:00,08-May-2015,01:15,Maharashtra,Navi Mumbai,Airoli, Navi Mumbai - MPCB,0.13,210.43,,,,77.24,,,,,127.53,30.64,,,25.31,1.96,,,,,,,,,,,,,16.9,29.97,,,,,,,,,
08-May-2015,01:15,08-May-2015,01:30,Maharashtra,Navi Mumbai,Airoli, Navi Mumbai - MPCB,0.03,310.27,,,,77.97,,,,,124.4,30.01,,,25.27,1.93,,,,,,,,,,,,,17.17,30.01,,,,,,,,,
08-May-2015,01:30,08-May-2015,01:45,Maharashtra,Navi Mumbai,Airoli, Navi Mumbai - MPCB,0.02,328.28,,,,78.61,,,,,140.27,33.19,,,25.32,1.95,,,,,,,,,,,,,17.12,29.92,,,,,,,,,
08-May-2015,01:45,08-May-2015,02:00,Maharashtra,Navi Mumbai,Airoli, Navi Mumbai - MPCB,0.14,4.26,,,,79.04,,,,,144.07,33.94,,,25.46,1.91,,,,,,,,,,,,,17.24,29.95,,,,,,,,,
08-May-2015,02:00,08-May-2015,02:15,Maharashtra,Navi Mumbai,Airoli, Navi Mumbai - MPCB,,,,,,79.21,,,,,117.21,28.57,,,25.28,1.91,,,,,,,,,,,,,16.69,29.85,,,,,,,,,
08-May-2015,02:15,08-May-2015,02:30,Maharashtra,Navi Mumbai,Airoli, Navi Mumbai - MPCB,0.08,194.38,,,,79.6,,,,,97.42,24.62,,,25.36,1.96,,,,,,,,,,,,,16.31,29.61,,,,,,,,,
08-May-2015,02:30,08-May-2015,02:45,Maharashtra,Navi Mumbai,Airoli, Navi Mumbai - MPCB,0.07,236.88,,,,79.16,,,,,96.82,24.5,,,25.35,1.94,,,,,,,,,,,,,16.87,29.68,,,,,,,,,
08-May-2015,02:45,08-May-2015,03:00,Maharashtra,Navi Mumbai,Airoli, Navi Mumbai - MPCB,0.03,201.91,,,,78.99,,,,,101.45,25.42,,,25.32,1.96,,,,,,,,,,,,,16.24,29.83,,,,,,,,,
08-May-2015,03:00,08-May-2015,03:15,Maharashtra,Navi Mumbai,Airoli, Navi Mumbai - MPCB,0.03,166.88,,,,79.44,,,,,80.76,21.28,,,25.12,1.97,,,,,,,,,,,,,16.92,29.68,,,,,,,,,
08-May-2015,03:15,08-May-2015,03:30,Maharashtra,Navi Mumbai,Airoli, Navi Mumbai - MPCB,0.01,213.0,,,,80.33,,,,,69.36,19.0,,,25.27,1.92,,,,,,,,,,,,,16.3,29.46,,,,,,,,,
08-May-2015,03:30,08-May-2015,03:45,Maharashtra,Navi Mumbai,Airoli, Navi Mumbai - MPCB,,,,,,81.41,,,,,83.5,21.83,,,25.34,1.93,,,,,,,,,,,,,17.11,29.08,,,,,,,,,
08-May-2015,03:45,08-May-2015,04:00,Maharashtra,Navi Mumbai,Airoli, Navi Mumbai - MPCB,,,,,,82.74,,,,,105.54,26.24,,,25.16,1.93,,,,,,,,,,,,,16.38,28.82,,,,,,,,,
08-May-2015,04:00,08-May-2015,04:15,Maharashtra,Navi Mumbai,Airoli, Navi Mumbai - MPCB,,,,,,83.74,,,,,112.69,27.67,,,25.33,1.92,,,,,,,,,,,,,16.7,28.63,,,,,,,,,
08-May-2015,04:15,08-May-2015,04:30,Maharashtra,Navi Mumbai,Airoli, Navi Mumbai - MPCB,,,,,,84.49,,,,,117.91,28.71,,,25.12,1.91,,,,,,,,,,,,,16.44,28.5,,,,,,,,,
08-May-2015,04:30,08-May-2015,04:45,Maharashtra,Navi Mumbai,Airoli, Navi Mumbai - MPCB,0.01,133.0,,,,84.83,,,,,207.95,46.72,,,25.06,1.94,,,,,,,,,,,,,16.01,28.51,,,,,,,,,
08-May-2015,04:45,08-May-2015,05:00,Maharashtra,Navi Mumbai,Airoli, Navi Mumbai - MPCB,,,,,,84.95,,,,,342.35,73.6,,,25.14,1.92,,,,,,,,,,,,,15.41,28.56,,,,,,,,,
08-May-2015,05:00,08-May-2015,05:15,Maharashtra,Navi Mumbai,Airoli, Navi Mumbai - MPCB,,,,,,85.28,,,,,431.94,91.52,,,25.29,1.87,,,,,,,,,,,,,15.21,28.5,,,,,,,,,
08-May-2015,05:15,08-May-2015,05:30,Maharashtra,Navi Mumbai,Airoli, Navi Mumbai - MPCB,,,,,,85.58,,,,,328.67,70.87,,,25.42,1.87,,,,,,,,,,,,,14.81,28.4,,,,,,,,,
08-May-2015,05:30,08-May-2015,05:45,Maharashtra,Navi Mumbai,Airoli, Navi Mumbai - MPCB,,,,,,85.95,,,,,98.36,24.7,,,25.61,1.87,,,,,,,,,,,,,14.45,28.4,,,,,,,,,
08-May-2015,05:45,08-May-2015,06:00,Maharashtra,Navi Mumbai,Airoli, Navi Mumbai - MPCB,,,,,,86.19,,,,,5.4,5.89,,,25.68,1.93,,,,,,,,,,,,,14.57,28.36,,,,,,,,,
08-May-2015,06:00,08-May-2015,06:15,Maharashtra,Navi Mumbai,Airoli, Navi Mumbai - MPCB,,,,,,86.59,,,,,26.79,10.49,,,25.82,1.88,,,,,,,,,,,,,14.74,28.33,,,,,,,,,
08-May-2015,06:15,08-May-2015,06:30,Maharashtra,Navi Mumbai,Airoli, Navi Mumbai - MPCB,,,,,,87.11,,,,,64.91,18.11,,,25.99,1.86,,,,,,,,,,,,,14.46,28.43,,,,,,,,,
08-May-2015,06:30,08-May-2015,06:45,Maharashtra,Navi Mumbai,Airoli, Navi Mumbai - MPCB,,,,,,87.38,,,,,116.75,28.48,,,25.88,1.88,,,,,,,,,,,,,15.07,28.4,,,,,,,,,
08-May-2015,06:45,08-May-2015,07:00,Maharashtra,Navi Mumbai,Airoli, Navi Mumbai - MPCB,,,,,,87.32,6.82,,,,132.46,31.62,,,25.87,1.87,,,,,,,,,,,,,14.89,28.54,,,,,,,,,
08-May-2015,07:00,08-May-2015,07:15,Maharashtra,Navi Mumbai,Airoli, Navi Mumbai - MPCB,,,,,,86.82,25.19,,,,160.27,37.19,,,26.04,1.91,,,,,,,,,,,,,14.16,28.77,,,,,,,,,
08-May-2015,07:15,08-May-2015,07:30,Maharashtra,Navi Mumbai,Airoli, Navi Mumbai - MPCB,,,,,,85.15,57.55,,,,201.53,45.44,,,26.26,1.92,,,,,,,,,,,,,14.34,29.05,,,,,,,,,
08-May-2015,07:30,08-May-2015,07:45,Maharashtra,Navi Mumbai,Airoli, Navi Mumbai - MPCB,,,,,,82.24,96.14,,,,204.59,46.05,,,26.08,1.87,,,,,,,,,,,,,14.14,29.5,,,,,,,,,
08-May-2015,07:45,08-May-2015,08:00,Maharashtra,Navi Mumbai,Airoli, Navi Mumbai - MPCB,,,,,,78.64,137.25,,,,135.33,32.2,,,25.84,1.91,,,,,,,,,,,,,15.03,30.19,,,,,,,,,
08-May-2015,08:00,08-May-2015,08:15,Maharashtra,Navi Mumbai,Airoli, Navi Mumbai - MPCB,0.02,189.0,,,,75.61,167.44,,,,81.81,21.49,,,26.31,1.92,,,,,,,,,,,,,14.23,30.53,,,,,,,,,
08-May-2015,08:15,08-May-2015,08:30,Maharashtra,Navi Mumbai,Airoli, Navi Mumbai - MPCB,0.03,279.0,,,,74.04,246.78,,,,53.7,15.87,,,26.1,1.93,,,,,,,,,,,,,15.07,30.9,,,,,,,,,
08-May-2015,08:30,08-May-2015,08:45,Maharashtra,Navi Mumbai,Airoli, Navi Mumbai - MPCB,0.05,191.83,,,,71.04,289.61,,,,46.37,14.41,,,25.98,1.91,,,,,,,,,,,,,14.54,31.49,,,,,,,,,
08-May-2015,08:45,08-May-2015,09:00,Maharashtra,Navi Mumbai,Airoli, Navi Mumbai - MPCB,0.01,70.0,,,,69.37,332.29,,,,32.62,11.66,,,26.43,1.88,,,,,,,,,,,,,15.27,31.93,,,,,,,,,
08-May-2015,09:00,08-May-2015,09:15,Maharashtra,Navi Mumbai,Airoli, Navi Mumbai - MPCB,0.02,128.34,,,,68.29,378.33,,,,44.63,14.06,,,26.24,1.89,,,,,,,,,,,,,14.93,32.41,,,,,,,,,
08-May-2015,09:15,08-May-2015,09:30,Maharashtra,Navi Mumbai,Airoli, Navi Mumbai - MPCB,0.14,286.49,,,,67.57,413.51,,,,74.45,20.02,,,26.2,1.91,,,,,,,,,,,,,14.33,32.01,,,,,,,,,
08-May-2015,09:30,08-May-2015,09:45,Maharashtra,Navi Mumbai,Airoli, Navi Mumbai - MPCB,0.01,249.65,,,,63.7,432.59,,,,99.69,25.07,,,26.01,1.91,,,,,,,,,,,,,14.65,32.83,,,,,,,,,
08-May-2015,09:45,08-May-2015,10:00,Maharashtra,Navi Mumbai,Airoli, Navi Mumbai - MPCB,0.19,259.38,,,,62.52,465.98,,,,106.73,26.48,,,25.81,1.89,,,,,,,,,,,,,15.11,32.92,,,,,,,,,
08-May-2015,10:00,08-May-2015,10:15,Maharashtra,Navi Mumbai,Airoli, Navi Mumbai - MPCB,0.03,273.65,,,,62.31,489.43,,,,96.31,24.39,,,26.2,1.88,,,,,,,,,,,,,14.78,33.22,,,,,,,,,
08-May-2015,10:15,08-May-2015,10:30,Maharashtra,Navi Mumbai,Airoli, Navi Mumbai - MPCB,0.36,207.77,,,,61.48,523.98,,,,89.25,22.98,,,26.04,1.9,,,,,,,,,,,,,14.94,33.74,,,,,,,,,
08-May-2015,10:30,08-May-2015,10:45,Maharashtra,Navi Mumbai,Airoli, Navi Mumbai - MPCB,,,,,,,,,,,,,,,,,,,,,,,,,,,,,,,,,,,,,,,
08-May-2015,10:45,08-May-2015,11:00,Maharashtra,Navi Mumbai,Airoli, Navi Mumbai - MPCB,,,,,,,,,,,,,,,,,,,,,,,,,,,,,,,,,,,,,,,
08-May-2015,11:00,08-May-2015,11:15,Maharashtra,Navi Mumbai,Airoli, Navi Mumbai - MPCB,,,,,,,,,,,,,,,,,,,,,,,,,,,,,,,,,,,,,,,
08-May-2015,11:15,08-May-2015,11:30,Maharashtra,Navi Mumbai,Airoli, Navi Mumbai - MPCB,,,,,,,,,,,,,,,,,,,,,,,,,,,,,,,,,,,,,,,
08-May-2015,11:30,08-May-2015,11:45,Maharashtra,Navi Mumbai,Airoli, Navi Mumbai - MPCB,,,,,,,,,,,,,,,,,,,,,,,,,,,,,,,,,,,,,,,
08-May-2015,11:45,08-May-2015,12:00,Maharashtra,Navi Mumbai,Airoli, Navi Mumbai - MPCB,,,,,,,,,,,,,,,,,,,,,,,,,,,,,,,,,,,,,,,
08-May-2015,12:00,08-May-2015,12:15,Maharashtra,Navi Mumbai,Airoli, Navi Mumbai - MPCB,,,,,,,,,,,,,,,,,,,,,,,,,,,,,,,,,,,,,,,
08-May-2015,12:15,08-May-2015,12:30,Maharashtra,Navi Mumbai,Airoli, Navi Mumbai - MPCB,,,,,,,,,,,,,,,,,,,,,,,,,,,,,,,,,,,,,,,
08-May-2015,12:30,08-May-2015,12:45,Maharashtra,Navi Mumbai,Airoli, Navi Mumbai - MPCB,,,,,,,,,,,,,,,,,,,,,,,,,,,,,,,,,,,,,,,
08-May-2015,12:45,08-May-2015,13:00,Maharashtra,Navi Mumbai,Airoli, Navi Mumbai - MPCB,,,,,,,,,,,,,,,,,,,,,,,,,,,,,,,,,,,,,,,
08-May-2015,13:00,08-May-2015,13:15,Maharashtra,Navi Mumbai,Airoli, Navi Mumbai - MPCB,,,,,,,,,,,,,,,,,,,,,,,,,,,,,,,,,,,,,,,
08-May-2015,13:15,08-May-2015,13:30,Maharashtra,Navi Mumbai,Airoli, Navi Mumbai - MPCB,,,,,,,,,,,,,,,,,,,,,,,,,,,,,,,,,,,,,,,
08-May-2015,13:30,08-May-2015,13:45,Maharashtra,Navi Mumbai,Airoli, Navi Mumbai - MPCB,,,,,,,,,,,,,,,,,,,,,,,,,,,,,,,,,,,,,,,
08-May-2015,13:45,08-May-2015,14:00,Maharashtra,Navi Mumbai,Airoli, Navi Mumbai - MPCB,,,,,,,,,,,,,,,,,,,,,,,,,,,,,,,,,,,,,,,
08-May-2015,14:00,08-May-2015,14:15,Maharashtra,Navi Mumbai,Airoli, Navi Mumbai - MPCB,,,,,,,,,,,,,,,,,,,,,,,,,,,,,,,,,,,,,,,
08-May-2015,14:15,08-May-2015,14:30,Maharashtra,Navi Mumbai,Airoli, Navi Mumbai - MPCB,,,,,,,,,,,,,,,,,,,,,,,,,,,,,,,,,,,,,,,
08-May-2015,14:30,08-May-2015,14:45,Maharashtra,Navi Mumbai,Airoli, Navi Mumbai - MPCB,,,,,,,,,,,,,,,,,,,,,,,,,,,,,,,,,,,,,,,
08-May-2015,14:45,08-May-2015,15:00,Maharashtra,Navi Mumbai,Airoli, Navi Mumbai - MPCB,,,,,,,,,,,,,,,,,,,,,,,,,,,,,,,,,,,,,,,
08-May-2015,15:00,08-May-2015,15:15,Maharashtra,Navi Mumbai,Airoli, Navi Mumbai - MPCB,,,,,,,,,,,,,,,,,,,,,,,,,,,,,,,,,,,,,,,
08-May-2015,15:15,08-May-2015,15:30,Maharashtra,Navi Mumbai,Airoli, Navi Mumbai - MPCB,,,,,,,,,,,,,,,,,,,,,,,,,,,,,,,,,,,,,,,
08-May-2015,15:30,08-May-2015,15:45,Maharashtra,Navi Mumbai,Airoli, Navi Mumbai - MPCB,,,,,,,,,,,,,,,,,,,,,,,,,,,,,,,,,,,,,,,
08-May-2015,15:45,08-May-2015,16:00,Maharashtra,Navi Mumbai,Airoli, Navi Mumbai - MPCB,,,,,,,,,,,,,,,,,,,,,,,,,,,,,,,,,,,,,,,
08-May-2015,16:00,08-May-2015,16:15,Maharashtra,Navi Mumbai,Airoli, Navi Mumbai - MPCB,,,,,,,,,,,,,,,,,,,,,,,,,,,,,,,,,,,,,,,
08-May-2015,16:15,08-May-2015,16:30,Maharashtra,Navi Mumbai,Airoli, Navi Mumbai - MPCB,,,,,,,,,,,,,,,,,,,,,,,,,,,,,,,,,,,,,,,
08-May-2015,16:30,08-May-2015,16:45,Maharashtra,Navi Mumbai,Airoli, Navi Mumbai - MPCB,,,,,,,,,,,,,,,,,,,,,,,,,,,,,,,,,,,,,,,
08-May-2015,16:45,08-May-2015,17:00,Maharashtra,Navi Mumbai,Airoli, Navi Mumbai - MPCB,,,,,,,,,,,,,,,,,,,,,,,,,,,,,,,,,,,,,,,
08-May-2015,17:00,08-May-2015,17:15,Maharashtra,Navi Mumbai,Airoli, Navi Mumbai - MPCB,,,,,,,,,,,,,,,,,,,,,,,,,,,,,,,,,,,,,,,
08-May-2015,17:15,08-May-2015,17:30,Maharashtra,Navi Mumbai,Airoli, Navi Mumbai - MPCB,0.08,270.29,,,,59.0,46.81,,,,222.14,49.56,,,780.27,2.44,,,,,,,,,,,,,10.96,34.47,,,,,,,,,
08-May-2015,17:30,08-May-2015,17:45,Maharashtra,Navi Mumbai,Airoli, Navi Mumbai - MPCB,0.63,225.81,,,,58.9,38.62,,,,249.99,55.13,,,161.84,2.43,,,,,,,,,,,,,11.82,34.17,,,,,,,,,
08-May-2015,17:45,08-May-2015,18:00,Maharashtra,Navi Mumbai,Airoli, Navi Mumbai - MPCB,0.06,352.35,,,,59.42,29.09,,,,161.48,37.43,,,60.47,2.47,,,,,,,,,,,,,12.66,34.19,,,,,,,,,
08-May-2015,18:00,08-May-2015,18:15,Maharashtra,Navi Mumbai,Airoli, Navi Mumbai - MPCB,0.03,19.95,,,,59.61,22.74,,,,22.69,7.22,,,37.48,2.48,,,,,,,,,,,,,13.29,33.91,,,,,,,,,
08-May-2015,18:15,08-May-2015,18:30,Maharashtra,Navi Mumbai,Airoli, Navi Mumbai - MPCB,0.34,169.19,,,,60.72,11.93,,,,,0.18,,,28.98,2.5,,,,,,,,,,,,,14.75,33.42,,,,,,,,,
08-May-2015,18:30,08-May-2015,18:45,Maharashtra,Navi Mumbai,Airoli, Navi Mumbai - MPCB,0.03,202.58,,,,60.26,4.7,,,,35.22,12.07,,,26.95,2.55,,,,,,,,,,,,,15.49,33.21,,,,,,,,,
08-May-2015,18:45,08-May-2015,19:00,Maharashtra,Navi Mumbai,Airoli, Navi Mumbai - MPCB,0.1,176.5,,,,60.1,,,,,74.36,20.0,,,26.12,2.54,,,,,,,,,,,,,16.5,32.81,,,,,,,,,
08-May-2015,19:00,08-May-2015,19:15,Maharashtra,Navi Mumbai,Airoli, Navi Mumbai - MPCB,0.01,160.0,,,,62.31,,,,,88.1,22.75,,,25.86,2.63,,,,,,,,,,,,,17.18,32.58,,,,,,,,,
08-May-2015,19:15,08-May-2015,19:30,Maharashtra,Navi Mumbai,Airoli, Navi Mumbai - MPCB,,,,,,63.43,,,,,88.06,22.74,,,25.35,2.62,,,,,,,,,,,,,17.58,32.12,,,,,,,,,
08-May-2015,19:30,08-May-2015,19:45,Maharashtra,Navi Mumbai,Airoli, Navi Mumbai - MPCB,0.03,194.21,,,,64.0,,,,,101.38,25.41,,,25.25,2.58,,,,,,,,,,,,,18.48,31.99,,,,,,,,,
08-May-2015,19:45,08-May-2015,20:00,Maharashtra,Navi Mumbai,Airoli, Navi Mumbai - MPCB,0.01,209.0,,,,64.13,,,,,113.73,27.88,,,25.07,2.61,,,,,,,,,,,,,18.43,31.88,,,,,,,,,
08-May-2015,20:00,08-May-2015,20:15,Maharashtra,Navi Mumbai,Airoli, Navi Mumbai - MPCB,0.07,239.57,,,,63.27,,,,,125.6,30.25,,,25.26,2.63,,,,,,,,,,,,,18.81,31.64,,,,,,,,,
08-May-2015,20:15,08-May-2015,20:30,Maharashtra,Navi Mumbai,Airoli, Navi Mumbai - MPCB,0.03,237.25,,,,65.42,,,,,132.89,31.71,,,26.1,2.64,,,,,,,,,,,,,19.34,31.36,,,,,,,,,
08-May-2015,20:30,08-May-2015,20:45,Maharashtra,Navi Mumbai,Airoli, Navi Mumbai - MPCB,0.03,197.0,,,,67.55,,,,,140.96,33.32,,,24.93,2.66,,,,,,,,,,,,,19.75,31.15,,,,,,,,,
08-May-2015,20:45,08-May-2015,21:00,Maharashtra,Navi Mumbai,Airoli, Navi Mumbai - MPCB,,,,,,68.47,,,,,138.74,32.88,,,24.76,2.65,,,,,,,,,,,,,19.95,31.04,,,,,,,,,
08-May-2015,21:00,08-May-2015,21:15,Maharashtra,Navi Mumbai,Airoli, Navi Mumbai - MPCB,0.03,8.0,,,,68.05,,,,,129.7,31.07,,,24.64,2.65,,,,,,,,,,,,,19.63,31.15,,,,,,,,,
08-May-2015,21:15,08-May-2015,21:30,Maharashtra,Navi Mumbai,Airoli, Navi Mumbai - MPCB,0.07,128.2,,,,67.13,,,,,118.47,28.83,,,24.28,2.66,,,,,,,,,,,,,20.37,30.88,,,,,,,,,
08-May-2015,21:30,08-May-2015,21:45,Maharashtra,Navi Mumbai,Airoli, Navi Mumbai - MPCB,0.05,44.88,,,,65.97,,,,,131.63,31.46,,,24.55,2.67,,,,,,,,,,,,,20.39,30.88,,,,,,,,,
08-May-2015,21:45,08-May-2015,22:00,Maharashtra,Navi Mumbai,Airoli, Navi Mumbai - MPCB,,,,,,65.6,,,,,125.07,30.15,,,24.51,2.63,,,,,,,,,,,,,19.54,30.83,,,,,,,,,
08-May-2015,22:00,08-May-2015,22:15,Maharashtra,Navi Mumbai,Airoli, Navi Mumbai - MPCB,,,,,,66.04,,,,,107.54,26.64,,,24.31,2.64,,,,,,,,,,,,,19.24,30.88,,,,,,,,,
08-May-2015,22:15,08-May-2015,22:30,Maharashtra,Navi Mumbai,Airoli, Navi Mumbai - MPCB,0.04,68.0,,,,68.19,,,,,105.65,26.26,,,24.56,2.64,,,,,,,,,,,,,19.7,30.78,,,,,,,,,
08-May-2015,22:30,08-May-2015,22:45,Maharashtra,Navi Mumbai,Airoli, Navi Mumbai - MPCB,0.04,68.0,,,,69.91,,,,,144.53,34.04,,,24.5,2.67,,,,,,,,,,,,,20.05,30.55,,,,,,,,,
08-May-2015,22:45,08-May-2015,23:00,Maharashtra,Navi Mumbai,Airoli, Navi Mumbai - MPCB,,,,,,71.93,,,,,159.78,37.09,,,24.3,2.64,,,,,,,,,,,,,19.76,30.41,,,,,,,,,
08-May-2015,23:00,08-May-2015,23:15,Maharashtra,Navi Mumbai,Airoli, Navi Mumbai - MPCB,,,,,,73.32,,,,,164.07,37.95,,,24.47,2.65,,,,,,,,,,,,,19.86,30.31,,,,,,,,,
08-May-2015,23:15,08-May-2015,23:30,Maharashtra,Navi Mumbai,Airoli, Navi Mumbai - MPCB,,,,,,76.23,,,,,150.16,35.16,,,24.37,2.66,,,,,,,,,,,,,20.08,30.3,,,,,,,,,
08-May-2015,23:30,08-May-2015,23:45,Maharashtra,Navi Mumbai,Airoli, Navi Mumbai - MPCB,0.03,73.0,,,,77.09,,,,,161.83,37.5,,,24.62,2.65,,,,,,,,,,,,,19.29,30.38,,,,,,,,,
08-May-2015,23:45,09-May-2015,00:00,Maharashtra,Navi Mumbai,Airoli, Navi Mumbai - MPCB,,,,,,77.58,,,,,134.79,32.09,,,24.34,2.65,,,,,,,,,,,,,19.03,30.22,,,,,,,,,
09-May-2015,00:00,09-May-2015,00:15,Maharashtra,Navi Mumbai,Airoli, Navi Mumbai - MPCB,0.19,43.34,,,,76.67,,,,,113.09,27.75,,,24.47,2.62,,,,,,,,,,,,,18.17,30.02,,,,,,,,,
09-May-2015,00:15,09-May-2015,00:30,Maharashtra,Navi Mumbai,Airoli, Navi Mumbai - MPCB,0.38,24.79,,,,76.4,,,,,77.71,20.67,,,24.46,2.62,,,,,,,,,,,,,17.9,30.34,,,,,,,,,
09-May-2015,00:30,09-May-2015,00:45,Maharashtra,Navi Mumbai,Airoli, Navi Mumbai - MPCB,0.03,6.93,,,,77.62,,,,,68.51,18.83,,,24.74,2.64,,,,,,,,,,,,,17.95,30.26,,,,,,,,,
09-May-2015,00:45,09-May-2015,01:00,Maharashtra,Navi Mumbai,Airoli, Navi Mumbai - MPCB,0.09,42.31,,,,78.42,,,,,51.61,15.45,,,24.8,2.64,,,,,,,,,,,,,17.27,30.18,,,,,,,,,
09-May-2015,01:00,09-May-2015,01:15,Maharashtra,Navi Mumbai,Airoli, Navi Mumbai - MPCB,,,,,,79.17,,,,,35.93,12.32,,,25.26,2.59,,,,,,,,,,,,,17.9,29.89,,,,,,,,,
09-May-2015,01:15,09-May-2015,01:30,Maharashtra,Navi Mumbai,Airoli, Navi Mumbai - MPCB,,,,,,79.76,,,,,39.99,13.13,,,25.11,2.6,,,,,,,,,,,,,17.11,29.61,,,,,,,,,
09-May-2015,01:30,09-May-2015,01:45,Maharashtra,Navi Mumbai,Airoli, Navi Mumbai - MPCB,,,,,,80.04,,,,,59.85,17.1,,,25.21,2.6,,,,,,,,,,,,,17.35,29.36,,,,,,,,,
09-May-2015,01:45,09-May-2015,02:00,Maharashtra,Navi Mumbai,Airoli, Navi Mumbai - MPCB,,,,,,80.18,,,,,61.7,17.47,,,25.3,2.6,,,,,,,,,,,,,18.11,29.1,,,,,,,,,
09-May-2015,02:00,09-May-2015,02:15,Maharashtra,Navi Mumbai,Airoli, Navi Mumbai - MPCB,,,,,,79.43,,,,,41.65,13.46,,,25.25,2.6,,,,,,,,,,,,,17.8,28.77,,,,,,,,,
09-May-2015,02:15,09-May-2015,02:30,Maharashtra,Navi Mumbai,Airoli, Navi Mumbai - MPCB,,,,,,76.61,,,,,29.86,11.1,,,25.15,2.58,,,,,,,,,,,,,17.22,28.35,,,,,,,,,
09-May-2015,02:30,09-May-2015,02:45,Maharashtra,Navi Mumbai,Airoli, Navi Mumbai - MPCB,,,,,,74.35,,,,,23.85,9.9,,,25.28,2.65,,,,,,,,,,,,,18.08,28.38,,,,,,,,,
09-May-2015,02:45,09-May-2015,03:00,Maharashtra,Navi Mumbai,Airoli, Navi Mumbai - MPCB,,,,,,73.12,,,,,42.19,13.57,,,25.47,2.61,,,,,,,,,,,,,17.69,28.62,,,,,,,,,
09-May-2015,03:00,09-May-2015,03:15,Maharashtra,Navi Mumbai,Airoli, Navi Mumbai - MPCB,,,,,,72.97,,,,,74.58,20.05,,,25.45,2.6,,,,,,,,,,,,,17.67,28.69,,,,,,,,,
09-May-2015,03:15,09-May-2015,03:30,Maharashtra,Navi Mumbai,Airoli, Navi Mumbai - MPCB,,,,,,73.03,,,,,96.29,24.39,,,25.53,2.59,,,,,,,,,,,,,18.0,28.68,,,,,,,,,
09-May-2015,03:30,09-May-2015,03:45,Maharashtra,Navi Mumbai,Airoli, Navi Mumbai - MPCB,,,,,,74.19,,,,,70.11,19.15,,,25.47,2.6,,,,,,,,,,,,,17.98,28.82,,,,,,,,,
09-May-2015,03:45,09-May-2015,04:00,Maharashtra,Navi Mumbai,Airoli, Navi Mumbai - MPCB,,,,,,76.82,,,,,67.23,18.58,,,25.44,2.61,,,,,,,,,,,,,17.53,28.86,,,,,,,,,
09-May-2015,04:00,09-May-2015,04:15,Maharashtra,Navi Mumbai,Airoli, Navi Mumbai - MPCB,,,,,,78.71,,,,,107.72,26.68,,,25.35,2.6,,,,,,,,,,,,,17.84,28.54,,,,,,,,,
09-May-2015,04:15,09-May-2015,04:30,Maharashtra,Navi Mumbai,Airoli, Navi Mumbai - MPCB,,,,,,80.0,,,,,136.24,32.38,,,25.27,2.61,,,,,,,,,,,,,18.08,28.26,,,,,,,,,
09-May-2015,04:30,09-May-2015,04:45,Maharashtra,Navi Mumbai,Airoli, Navi Mumbai - MPCB,,,,,,80.48,,,,,124.12,29.96,,,25.44,2.62,,,,,,,,,,,,,18.27,27.95,,,,,,,,,
09-May-2015,04:45,09-May-2015,05:00,Maharashtra,Navi Mumbai,Airoli, Navi Mumbai - MPCB,,,,,,81.17,,,,,123.35,29.8,,,25.33,2.61,,,,,,,,,,,,,17.62,27.87,,,,,,,,,
09-May-2015,05:00,09-May-2015,05:15,Maharashtra,Navi Mumbai,Airoli, Navi Mumbai - MPCB,,,,,,81.72,,,,,111.31,27.39,,,25.32,2.61,,,,,,,,,,,,,17.75,27.73,,,,,,,,,
09-May-2015,05:15,09-May-2015,05:30,Maharashtra,Navi Mumbai,Airoli, Navi Mumbai - MPCB,,,,,,82.06,,,,,112.24,27.58,,,25.24,2.61,,,,,,,,,,,,,18.16,27.62,,,,,,,,,
09-May-2015,05:30,09-May-2015,05:45,Maharashtra,Navi Mumbai,Airoli, Navi Mumbai - MPCB,,,,,,82.54,,,,,116.53,28.44,,,25.65,2.6,,,,,,,,,,,,,18.42,27.53,,,,,,,,,
09-May-2015,05:45,09-May-2015,06:00,Maharashtra,Navi Mumbai,Airoli, Navi Mumbai - MPCB,,,,,,83.18,,,,,121.48,29.43,,,25.55,2.63,,,,,,,,,,,,,18.54,27.59,,,,,,,,,
09-May-2015,06:00,09-May-2015,06:15,Maharashtra,Navi Mumbai,Airoli, Navi Mumbai - MPCB,,,,,,83.77,,,,,127.82,30.7,,,25.32,2.59,,,,,,,,,,,,,17.67,27.69,,,,,,,,,
09-May-2015,06:15,09-May-2015,06:30,Maharashtra,Navi Mumbai,Airoli, Navi Mumbai - MPCB,,,,,,84.27,,,,,155.4,36.21,,,25.41,2.63,,,,,,,,,,,,,18.63,27.8,,,,,,,,,
09-May-2015,06:30,09-May-2015,06:45,Maharashtra,Navi Mumbai,Airoli, Navi Mumbai - MPCB,,,,,,84.52,,,,,204.83,46.1,,,25.59,2.66,,,,,,,,,,,,,19.28,27.73,,,,,,,,,
09-May-2015,06:45,09-May-2015,07:00,Maharashtra,Navi Mumbai,Airoli, Navi Mumbai - MPCB,,,,,,84.43,0.81,,,,250.98,55.33,,,25.82,2.64,,,,,,,,,,,,,19.69,27.77,,,,,,,,,
09-May-2015,07:00,09-May-2015,07:15,Maharashtra,Navi Mumbai,Airoli, Navi Mumbai - MPCB,0.03,189.12,,,,83.23,18.4,,,,241.72,53.48,,,25.44,2.65,,,,,,,,,,,,,19.8,28.15,,,,,,,,,
09-May-2015,07:15,09-May-2015,07:30,Maharashtra,Navi Mumbai,Airoli, Navi Mumbai - MPCB,0.01,233.74,,,,81.06,24.93,,,,230.54,51.24,,,25.1,2.69,,,,,,,,,,,,,19.05,28.57,,,,,,,,,
09-May-2015,07:30,09-May-2015,07:45,Maharashtra,Navi Mumbai,Airoli, Navi Mumbai - MPCB,,,,,,79.59,84.54,,,,215.0,48.13,,,24.9,2.7,,,,,,,,,,,,,19.76,29.2,,,,,,,,,
09-May-2015,07:45,09-May-2015,08:00,Maharashtra,Navi Mumbai,Airoli, Navi Mumbai - MPCB,,,,,,76.41,150.18,,,,221.66,49.46,,,25.01,2.68,,,,,,,,,,,,,19.41,29.77,,,,,,,,,
09-May-2015,08:00,09-May-2015,08:15,Maharashtra,Navi Mumbai,Airoli, Navi Mumbai - MPCB,0.13,266.99,,,,72.65,155.76,,,,205.94,46.32,,,24.83,2.71,,,,,,,,,,,,,20.28,30.24,,,,,,,,,
09-May-2015,08:15,09-May-2015,08:30,Maharashtra,Navi Mumbai,Airoli, Navi Mumbai - MPCB,0.02,232.0,,,,71.2,175.18,,,,179.29,40.99,,,24.75,2.73,,,,,,,,,,,,,20.19,30.56,,,,,,,,,
09-May-2015,08:30,09-May-2015,08:45,Maharashtra,Navi Mumbai,Airoli, Navi Mumbai - MPCB,0.07,214.89,,,,70.88,214.62,,,,150.96,35.32,,,24.67,2.67,,,,,,,,,,,,,20.46,30.95,,,,,,,,,
09-May-2015,08:45,09-May-2015,09:00,Maharashtra,Navi Mumbai,Airoli, Navi Mumbai - MPCB,0.1,257.3,,,,71.25,325.53,,,,156.44,36.42,,,24.96,2.71,,,,,,,,,,,,,20.26,31.13,,,,,,,,,
09-May-2015,09:00,09-May-2015,09:15,Maharashtra,Navi Mumbai,Airoli, Navi Mumbai - MPCB,0.14,221.35,,,,70.57,375.23,,,,174.71,40.07,,,24.85,2.71,,,,,,,,,,,,,20.53,31.66,,,,,,,,,
09-May-2015,09:15,09-May-2015,09:30,Maharashtra,Navi Mumbai,Airoli, Navi Mumbai - MPCB,0.15,305.75,,,,66.41,406.13,,,,166.43,38.42,,,24.68,2.72,,,,,,,,,,,,,20.45,32.4,,,,,,,,,
09-May-2015,09:30,09-May-2015,09:45,Maharashtra,Navi Mumbai,Airoli, Navi Mumbai - MPCB,0.03,347.62,,,,61.92,427.19,,,,109.78,27.09,,,24.67,2.72,,,,,,,,,,,,,20.83,33.09,,,,,,,,,
09-May-2015,09:45,09-May-2015,10:00,Maharashtra,Navi Mumbai,Airoli, Navi Mumbai - MPCB,0.16,205.12,,,,59.86,461.73,,,,52.57,15.65,,,24.63,2.68,,,,,,,,,,,,,20.21,33.3,,,,,,,,,
09-May-2015,10:00,09-May-2015,10:15,Maharashtra,Navi Mumbai,Airoli, Navi Mumbai - MPCB,0.11,190.44,,,,56.94,487.41,,,,18.18,8.77,,,24.61,2.71,,,,,,,,,,,,,21.02,33.6,,,,,,,,,
09-May-2015,10:15,09-May-2015,10:30,Maharashtra,Navi Mumbai,Airoli, Navi Mumbai - MPCB,0.06,256.73,,,,55.49,509.76,,,,40.73,13.28,,,24.57,2.71,,,,,,,,,,,,,20.94,34.4,,,,,,,,,
09-May-2015,10:30,09-May-2015,10:45,Maharashtra,Navi Mumbai,Airoli, Navi Mumbai - MPCB,0.13,10.88,,,,52.47,520.7,,,,70.24,19.18,,,24.49,2.72,,,,,,,,,,,,,20.3,35.39,,,,,,,,,
09-May-2015,10:45,09-May-2015,11:00,Maharashtra,Navi Mumbai,Airoli, Navi Mumbai - MPCB,0.19,24.27,,,,47.95,544.66,,,,99.75,25.08,,,24.64,2.71,,,,,,,,,,,,,20.56,35.74,,,,,,,,,
09-May-2015,11:00,09-May-2015,11:15,Maharashtra,Navi Mumbai,Airoli, Navi Mumbai - MPCB,0.8,30.31,,,,44.47,589.76,,,,67.69,18.67,,,24.36,2.72,,,,,,,,,,,,,21.91,36.08,,,,,,,,,
09-May-2015,11:15,09-May-2015,11:30,Maharashtra,Navi Mumbai,Airoli, Navi Mumbai - MPCB,0.72,38.44,,,,44.01,607.51,,,,22.76,9.67,,,24.54,2.7,,,,,,,,,,,,,23.46,36.42,,,,,,,,,
09-May-2015,11:30,09-May-2015,11:45,Maharashtra,Navi Mumbai,Airoli, Navi Mumbai - MPCB,0.42,66.91,,,,43.09,625.17,,,,6.53,6.25,,,24.53,2.7,,,,,,,,,,,,,24.03,36.58,,,,,,,,,
09-May-2015,11:45,09-May-2015,12:00,Maharashtra,Navi Mumbai,Airoli, Navi Mumbai - MPCB,0.76,24.2,,,,40.34,649.23,,,,28.13,10.76,,,24.55,2.7,,,,,,,,,,,,,24.11,37.24,,,,,,,,,
09-May-2015,12:00,09-May-2015,12:15,Maharashtra,Navi Mumbai,Airoli, Navi Mumbai - MPCB,0.14,17.41,,,,39.04,651.76,,,,51.54,15.44,,,24.63,2.66,,,,,,,,,,,,,24.95,37.88,,,,,,,,,
09-May-2015,12:15,09-May-2015,12:30,Maharashtra,Navi Mumbai,Airoli, Navi Mumbai - MPCB,0.36,24.34,,,,37.44,660.43,,,,77.66,20.66,,,24.87,2.67,,,,,,,,,,,,,24.13,38.61,,,,,,,,,
09-May-2015,12:30,09-May-2015,12:45,Maharashtra,Navi Mumbai,Airoli, Navi Mumbai - MPCB,0.25,34.65,,,,38.94,656.84,,,,169.7,39.07,,,24.72,2.67,,,,,,,,,,,,,23.52,38.51,,,,,,,,,
09-May-2015,12:45,09-May-2015,13:00,Maharashtra,Navi Mumbai,Airoli, Navi Mumbai - MPCB,0.39,21.05,,,,36.33,659.32,,,,208.48,46.83,,,24.73,2.64,,,,,,,,,,,,,24.3,38.81,,,,,,,,,
09-May-2015,13:00,09-May-2015,13:15,Maharashtra,Navi Mumbai,Airoli, Navi Mumbai - MPCB,0.12,353.38,,,,35.29,642.57,,,,137.62,32.66,,,25.05,2.64,,,,,,,,,,,,,25.4,38.99,,,,,,,,,
09-May-2015,13:15,09-May-2015,13:30,Maharashtra,Navi Mumbai,Airoli, Navi Mumbai - MPCB,0.27,21.96,,,,35.1,623.25,,,,16.66,6.19,,,24.98,2.67,,,,,,,,,,,,,25.97,39.43,,,,,,,,,
09-May-2015,13:30,09-May-2015,13:45,Maharashtra,Navi Mumbai,Airoli, Navi Mumbai - MPCB,0.27,57.3,,,,33.98,595.33,,,,,,,,25.23,2.63,,,,,,,,,,,,,27.75,40.19,,,,,,,,,
09-May-2015,13:45,09-May-2015,14:00,Maharashtra,Navi Mumbai,Airoli, Navi Mumbai - MPCB,0.32,345.52,,,,36.17,541.69,,,,,0.16,,,25.51,2.63,,,,,,,,,,,,,28.11,40.01,,,,,,,,,
09-May-2015,14:00,09-May-2015,14:15,Maharashtra,Navi Mumbai,Airoli, Navi Mumbai - MPCB,0.11,336.73,,,,35.94,508.18,,,,1.0,2.98,,,25.64,2.63,,,,,,,,,,,,,27.99,40.07,,,,,,,,,
09-May-2015,14:15,09-May-2015,14:30,Maharashtra,Navi Mumbai,Airoli, Navi Mumbai - MPCB,0.22,356.64,,,,37.53,479.89,,,,18.44,8.82,,,25.37,2.67,,,,,,,,,,,,,28.76,40.32,,,,,,,,,
09-May-2015,14:30,09-May-2015,14:45,Maharashtra,Navi Mumbai,Airoli, Navi Mumbai - MPCB,0.09,278.27,,,,46.95,432.82,,,,59.35,17.0,,,25.98,2.62,,,,,,,,,,,,,29.33,39.39,,,,,,,,,
09-May-2015,14:45,09-May-2015,15:00,Maharashtra,Navi Mumbai,Airoli, Navi Mumbai - MPCB,0.33,342.33,,,,48.55,334.05,,,,106.21,26.37,,,25.81,2.65,,,,,,,,,,,,,29.78,38.73,,,,,,,,,
09-May-2015,15:00,09-May-2015,15:15,Maharashtra,Navi Mumbai,Airoli, Navi Mumbai - MPCB,0.43,357.08,,,,49.83,229.59,,,,118.25,28.78,,,25.49,2.62,,,,,,,,,,,,,29.83,38.33,,,,,,,,,
09-May-2015,15:15,09-May-2015,15:30,Maharashtra,Navi Mumbai,Airoli, Navi Mumbai - MPCB,0.23,298.11,,,,48.74,181.38,,,,94.53,24.04,,,25.7,2.67,,,,,,,,,,,,,30.63,38.42,,,,,,,,,
09-May-2015,15:30,09-May-2015,15:45,Maharashtra,Navi Mumbai,Airoli, Navi Mumbai - MPCB,0.11,305.4,,,,47.95,129.9,,,,59.67,17.07,,,25.79,2.65,,,,,,,,,,,,,30.41,38.29,,,,,,,,,
09-May-2015,15:45,09-May-2015,16:00,Maharashtra,Navi Mumbai,Airoli, Navi Mumbai - MPCB,0.17,21.62,,,,46.03,117.27,,,,47.57,14.65,,,25.79,2.65,,,,,,,,,,,,,31.26,38.03,,,,,,,,,
09-May-2015,16:00,09-May-2015,16:15,Maharashtra,Navi Mumbai,Airoli, Navi Mumbai - MPCB,0.26,313.95,,,,41.48,96.71,,,,33.73,11.88,,,25.75,2.64,,,,,,,,,,,,,30.94,37.92,,,,,,,,,
09-May-2015,16:15,09-May-2015,16:30,Maharashtra,Navi Mumbai,Airoli, Navi Mumbai - MPCB,0.22,345.64,,,,36.07,89.83,,,,5.19,6.15,,,25.66,2.64,,,,,,,,,,,,,32.54,37.17,,,,,,,,,
09-May-2015,16:30,09-May-2015,16:45,Maharashtra,Navi Mumbai,Airoli, Navi Mumbai - MPCB,0.24,3.35,,,,36.47,101.32,,,,1.76,4.91,,,25.77,2.64,,,,,,,,,,,,,32.18,37.34,,,,,,,,,
09-May-2015,16:45,09-May-2015,17:00,Maharashtra,Navi Mumbai,Airoli, Navi Mumbai - MPCB,0.14,336.67,,,,38.18,99.94,,,,42.21,13.57,,,25.77,2.64,,,,,,,,,,,,,32.32,37.36,,,,,,,,,
09-May-2015,17:00,09-May-2015,17:15,Maharashtra,Navi Mumbai,Airoli, Navi Mumbai - MPCB,0.09,207.32,,,,36.55,74.12,,,,101.98,25.53,,,25.96,2.65,,,,,,,,,,,,,32.64,37.37,,,,,,,,,
09-May-2015,17:15,09-May-2015,17:30,Maharashtra,Navi Mumbai,Airoli, Navi Mumbai - MPCB,0.21,252.25,,,,35.5,48.54,,,,98.05,24.74,,,26.04,2.61,,,,,,,,,,,,,33.48,37.22,,,,,,,,,
09-May-2015,17:30,09-May-2015,17:45,Maharashtra,Navi Mumbai,Airoli, Navi Mumbai - MPCB,0.06,318.48,,,,35.89,38.32,,,,71.79,19.49,,,25.91,2.64,,,,,,,,,,,,,33.32,36.83,,,,,,,,,
09-May-2015,17:45,09-May-2015,18:00,Maharashtra,Navi Mumbai,Airoli, Navi Mumbai - MPCB,0.1,320.95,,,,35.13,29.92,,,,75.0,20.13,,,25.96,2.64,,,,,,,,,,,,,33.55,36.61,,,,,,,,,
09-May-2015,18:00,09-May-2015,18:15,Maharashtra,Navi Mumbai,Airoli, Navi Mumbai - MPCB,0.11,345.55,,,,36.4,20.14,,,,117.83,28.7,,,25.91,2.66,,,,,,,,,,,,,33.39,36.25,,,,,,,,,
09-May-2015,18:15,09-May-2015,18:30,Maharashtra,Navi Mumbai,Airoli, Navi Mumbai - MPCB,0.5,13.28,,,,33.68,10.4,,,,114.81,28.09,,,25.79,2.66,,,,,,,,,,,,,33.57,35.88,,,,,,,,,
09-May-2015,18:30,09-May-2015,18:45,Maharashtra,Navi Mumbai,Airoli, Navi Mumbai - MPCB,0.59,15.56,,,,31.77,2.1,,,,101.02,25.34,,,25.86,2.65,,,,,,,,,,,,,33.53,35.73,,,,,,,,,
09-May-2015,18:45,09-May-2015,19:00,Maharashtra,Navi Mumbai,Airoli, Navi Mumbai - MPCB,0.72,39.16,,,,31.47,,,,,97.56,24.64,,,25.73,2.65,,,,,,,,,,,,,34.82,35.49,,,,,,,,,
09-May-2015,19:00,09-May-2015,19:15,Maharashtra,Navi Mumbai,Airoli, Navi Mumbai - MPCB,0.56,23.24,,,,32.9,,,,,121.86,29.5,,,25.84,2.66,,,,,,,,,,,,,34.64,35.05,,,,,,,,,
09-May-2015,19:15,09-May-2015,19:30,Maharashtra,Navi Mumbai,Airoli, Navi Mumbai - MPCB,0.59,16.32,,,,33.23,,,,,135.1,32.15,,,25.81,2.69,,,,,,,,,,,,,34.96,34.71,,,,,,,,,
09-May-2015,19:30,09-May-2015,19:45,Maharashtra,Navi Mumbai,Airoli, Navi Mumbai - MPCB,0.23,41.17,,,,33.04,,,,,132.01,31.53,,,25.62,2.71,,,,,,,,,,,,,34.31,34.41,,,,,,,,,
09-May-2015,19:45,09-May-2015,20:00,Maharashtra,Navi Mumbai,Airoli, Navi Mumbai - MPCB,0.14,19.72,,,,33.83,,,,,138.53,32.84,,,25.59,2.7,,,,,,,,,,,,,33.28,34.13,,,,,,,,,
09-May-2015,20:00,09-May-2015,20:15,Maharashtra,Navi Mumbai,Airoli, Navi Mumbai - MPCB,0.27,42.76,,,,37.71,,,,,134.14,31.96,,,25.36,2.71,,,,,,,,,,,,,33.08,33.74,,,,,,,,,
09-May-2015,20:15,09-May-2015,20:30,Maharashtra,Navi Mumbai,Airoli, Navi Mumbai - MPCB,0.13,19.06,,,,42.09,,,,,149.64,35.06,,,25.24,2.71,,,,,,,,,,,,,31.82,33.38,,,,,,,,,
09-May-2015,20:30,09-May-2015,20:45,Maharashtra,Navi Mumbai,Airoli, Navi Mumbai - MPCB,0.21,65.95,,,,46.26,,,,,174.17,39.97,,,25.06,2.7,,,,,,,,,,,,,31.99,32.98,,,,,,,,,
09-May-2015,20:45,09-May-2015,21:00,Maharashtra,Navi Mumbai,Airoli, Navi Mumbai - MPCB,0.14,40.82,,,,49.34,,,,,192.57,43.65,,,25.18,2.71,,,,,,,,,,,,,31.04,32.76,,,,,,,,,
09-May-2015,21:00,09-May-2015,21:15,Maharashtra,Navi Mumbai,Airoli, Navi Mumbai - MPCB,0.0,25.0,,,,52.37,,,,,184.35,42.0,,,24.98,2.73,,,,,,,,,,,,,31.65,32.47,,,,,,,,,
09-May-2015,21:15,09-May-2015,21:30,Maharashtra,Navi Mumbai,Airoli, Navi Mumbai - MPCB,0.1,36.95,,,,54.34,,,,,168.71,38.87,,,24.95,2.7,,,,,,,,,,,,,30.3,32.2,,,,,,,,,
09-May-2015,21:30,09-May-2015,21:45,Maharashtra,Navi Mumbai,Airoli, Navi Mumbai - MPCB,0.2,49.56,,,,56.77,,,,,151.21,35.37,,,25.03,2.72,,,,,,,,,,,,,31.12,32.12,,,,,,,,,
09-May-2015,21:45,09-May-2015,22:00,Maharashtra,Navi Mumbai,Airoli, Navi Mumbai - MPCB,0.01,63.0,,,,57.09,,,,,151.07,35.35,,,24.76,2.74,,,,,,,,,,,,,30.93,31.78,,,,,,,,,
09-May-2015,22:00,09-May-2015,22:15,Maharashtra,Navi Mumbai,Airoli, Navi Mumbai - MPCB,,,,,,57.4,,,,,140.25,33.18,,,24.79,2.72,,,,,,,,,,,,,30.06,31.52,,,,,,,,,
09-May-2015,22:15,09-May-2015,22:30,Maharashtra,Navi Mumbai,Airoli, Navi Mumbai - MPCB,0.04,67.5,,,,58.29,,,,,136.65,32.46,,,24.91,2.72,,,,,,,,,,,,,30.0,31.43,,,,,,,,,
09-May-2015,22:30,09-May-2015,22:45,Maharashtra,Navi Mumbai,Airoli, Navi Mumbai - MPCB,0.03,229.49,,,,58.87,,,,,108.93,26.92,,,25.07,2.69,,,,,,,,,,,,,30.99,31.32,,,,,,,,,
09-May-2015,22:45,09-May-2015,23:00,Maharashtra,Navi Mumbai,Airoli, Navi Mumbai - MPCB,0.09,171.88,,,,59.88,,,,,106.4,26.41,,,25.01,2.71,,,,,,,,,,,,,31.92,31.28,,,,,,,,,
09-May-2015,23:00,09-May-2015,23:15,Maharashtra,Navi Mumbai,Airoli, Navi Mumbai - MPCB,0.03,200.0,,,,61.67,,,,,125.66,30.26,,,24.41,2.72,,,,,,,,,,,,,31.57,31.21,,,,,,,,,
09-May-2015,23:15,09-May-2015,23:30,Maharashtra,Navi Mumbai,Airoli, Navi Mumbai - MPCB,0.01,117.0,,,,62.31,,,,,156.76,36.48,,,24.7,2.72,,,,,,,,,,,,,32.18,30.9,,,,,,,,,
09-May-2015,23:30,09-May-2015,23:45,Maharashtra,Navi Mumbai,Airoli, Navi Mumbai - MPCB,0.04,242.0,,,,62.52,,,,,157.6,36.65,,,24.91,2.74,,,,,,,,,,,,,32.98,30.81,,,,,,,,,
09-May-2015,23:45,10-May-2015,00:00,Maharashtra,Navi Mumbai,Airoli, Navi Mumbai - MPCB,0.21,237.59,,,,62.21,,,,,140.61,33.25,,,24.86,2.72,,,,,,,,,,,,,33.1,31.16,,,,,,,,,
10-May-2015,00:00,10-May-2015,00:15,Maharashtra,Navi Mumbai,Airoli, Navi Mumbai - MPCB,0.43,199.6,,,,62.29,,,,,123.23,29.78,,,24.82,2.73,,,,,,,,,,,,,32.96,31.27,,,,,,,,,
10-May-2015,00:15,10-May-2015,00:30,Maharashtra,Navi Mumbai,Airoli, Navi Mumbai - MPCB,0.26,276.74,,,,65.51,,,,,136.45,32.42,,,24.82,2.72,,,,,,,,,,,,,31.81,31.32,,,,,,,,,
10-May-2015,00:30,10-May-2015,00:45,Maharashtra,Navi Mumbai,Airoli, Navi Mumbai - MPCB,0.61,266.39,,,,66.14,,,,,174.55,40.04,,,24.79,2.75,,,,,,,,,,,,,32.57,31.26,,,,,,,,,
10-May-2015,00:45,10-May-2015,01:00,Maharashtra,Navi Mumbai,Airoli, Navi Mumbai - MPCB,1.26,219.85,,,,63.75,,,,,182.38,41.61,,,24.94,2.74,,,,,,,,,,,,,31.99,31.14,,,,,,,,,
10-May-2015,01:00,10-May-2015,01:15,Maharashtra,Navi Mumbai,Airoli, Navi Mumbai - MPCB,0.98,216.09,,,,61.6,,,,,118.91,28.91,,,24.78,2.71,,,,,,,,,,,,,31.42,31.23,,,,,,,,,
10-May-2015,01:15,10-May-2015,01:30,Maharashtra,Navi Mumbai,Airoli, Navi Mumbai - MPCB,1.42,229.64,,,,60.54,,,,,27.86,10.7,,,24.55,2.67,,,,,,,,,,,,,31.05,31.19,,,,,,,,,
10-May-2015,01:30,10-May-2015,01:45,Maharashtra,Navi Mumbai,Airoli, Navi Mumbai - MPCB,0.59,227.13,,,,58.37,,,,,0.89,4.45,,,25.0,2.68,,,,,,,,,,,,,31.73,31.28,,,,,,,,,
10-May-2015,01:45,10-May-2015,02:00,Maharashtra,Navi Mumbai,Airoli, Navi Mumbai - MPCB,0.67,216.68,,,,57.35,,,,,,4.0,,,25.15,2.69,,,,,,,,,,,,,33.41,31.15,,,,,,,,,
10-May-2015,02:00,10-May-2015,02:15,Maharashtra,Navi Mumbai,Airoli, Navi Mumbai - MPCB,0.32,213.09,,,,57.99,,,,,0.23,4.44,,,25.29,2.7,,,,,,,,,,,,,34.66,31.16,,,,,,,,,
10-May-2015,02:15,10-May-2015,02:30,Maharashtra,Navi Mumbai,Airoli, Navi Mumbai - MPCB,0.09,236.05,,,,60.16,,,,,22.13,9.56,,,25.49,2.64,,,,,,,,,,,,,35.66,30.83,,,,,,,,,
10-May-2015,02:30,10-May-2015,02:45,Maharashtra,Navi Mumbai,Airoli, Navi Mumbai - MPCB,0.08,223.85,,,,62.6,,,,,64.17,17.97,,,25.48,2.71,,,,,,,,,,,,,36.06,30.69,,,,,,,,,
10-May-2015,02:45,10-May-2015,03:00,Maharashtra,Navi Mumbai,Airoli, Navi Mumbai - MPCB,0.15,220.46,,,,64.46,,,,,73.97,19.93,,,25.35,2.7,,,,,,,,,,,,,36.13,30.39,,,,,,,,,
10-May-2015,03:00,10-May-2015,03:15,Maharashtra,Navi Mumbai,Airoli, Navi Mumbai - MPCB,0.14,222.01,,,,64.09,,,,,57.12,16.56,,,25.76,2.68,,,,,,,,,,,,,36.88,30.38,,,,,,,,,
10-May-2015,03:15,10-May-2015,03:30,Maharashtra,Navi Mumbai,Airoli, Navi Mumbai - MPCB,0.01,179.5,,,,64.44,,,,,56.23,16.38,,,25.81,2.69,,,,,,,,,,,,,36.88,30.31,,,,,,,,,
10-May-2015,03:30,10-May-2015,03:45,Maharashtra,Navi Mumbai,Airoli, Navi Mumbai - MPCB,,,,,,66.2,,,,,63.82,17.9,,,25.63,2.71,,,,,,,,,,,,,37.48,30.0,,,,,,,,,
10-May-2015,03:45,10-May-2015,04:00,Maharashtra,Navi Mumbai,Airoli, Navi Mumbai - MPCB,,,,,,68.12,,,,,67.95,18.72,,,25.58,2.69,,,,,,,,,,,,,37.89,29.58,,,,,,,,,
10-May-2015,04:00,10-May-2015,04:15,Maharashtra,Navi Mumbai,Airoli, Navi Mumbai - MPCB,,,,,,70.2,,,,,73.39,19.81,,,25.75,2.69,,,,,,,,,,,,,39.18,29.25,,,,,,,,,
10-May-2015,04:15,10-May-2015,04:30,Maharashtra,Navi Mumbai,Airoli, Navi Mumbai - MPCB,,,,,,71.34,,,,,81.77,21.49,,,25.44,2.73,,,,,,,,,,,,,39.5,28.92,,,,,,,,,
10-May-2015,04:30,10-May-2015,04:45,Maharashtra,Navi Mumbai,Airoli, Navi Mumbai - MPCB,,,,,,72.4,,,,,87.77,22.68,,,25.72,2.72,,,,,,,,,,,,,39.78,28.73,,,,,,,,,
10-May-2015,04:45,10-May-2015,05:00,Maharashtra,Navi Mumbai,Airoli, Navi Mumbai - MPCB,,,,,,73.34,,,,,89.36,23.0,,,25.71,2.74,,,,,,,,,,,,,40.7,28.58,,,,,,,,,
10-May-2015,05:00,10-May-2015,05:15,Maharashtra,Navi Mumbai,Airoli, Navi Mumbai - MPCB,,,,,,74.07,,,,,84.0,21.93,,,25.8,2.75,,,,,,,,,,,,,41.28,28.59,,,,,,,,,
10-May-2015,05:15,10-May-2015,05:30,Maharashtra,Navi Mumbai,Airoli, Navi Mumbai - MPCB,,,,,,75.12,,,,,93.27,23.79,,,25.66,2.69,,,,,,,,,,,,,42.21,28.48,,,,,,,,,
10-May-2015,05:30,10-May-2015,05:45,Maharashtra,Navi Mumbai,Airoli, Navi Mumbai - MPCB,,,,,,75.77,,,,,105.41,26.21,,,25.65,2.73,,,,,,,,,,,,,43.16,28.33,,,,,,,,,
10-May-2015,05:45,10-May-2015,06:00,Maharashtra,Navi Mumbai,Airoli, Navi Mumbai - MPCB,0.0,29.0,,,,75.88,,,,,123.08,29.75,,,25.63,2.72,,,,,,,,,,,,,44.46,28.33,,,,,,,,,
10-May-2015,06:00,10-May-2015,06:15,Maharashtra,Navi Mumbai,Airoli, Navi Mumbai - MPCB,0.06,52.61,,,,72.08,,,,,108.34,26.8,,,25.51,2.72,,,,,,,,,,,,,45.5,28.43,,,,,,,,,
10-May-2015,06:15,10-May-2015,06:30,Maharashtra,Navi Mumbai,Airoli, Navi Mumbai - MPCB,0.01,38.0,,,,70.88,,,,,103.39,25.81,,,25.95,2.75,,,,,,,,,,,,,45.46,28.83,,,,,,,,,
10-May-2015,06:30,10-May-2015,06:45,Maharashtra,Navi Mumbai,Airoli, Navi Mumbai - MPCB,0.02,59.0,,,,69.82,,,,,105.87,26.31,,,25.64,2.7,,,,,,,,,,,,,47.69,28.98,,,,,,,,,
10-May-2015,06:45,10-May-2015,07:00,Maharashtra,Navi Mumbai,Airoli, Navi Mumbai - MPCB,,,,,,70.19,1.56,,,,125.39,30.21,,,25.66,2.74,,,,,,,,,,,,,47.44,28.99,,,,,,,,,
10-May-2015,07:00,10-May-2015,07:15,Maharashtra,Navi Mumbai,Airoli, Navi Mumbai - MPCB,0.03,50.0,,,,71.28,15.37,,,,122.37,29.61,,,25.75,2.74,,,,,,,,,,,,,47.79,29.1,,,,,,,,,
10-May-2015,07:15,10-May-2015,07:30,Maharashtra,Navi Mumbai,Airoli, Navi Mumbai - MPCB,0.07,39.09,,,,71.55,60.69,,,,124.96,30.12,,,25.9,2.71,,,,,,,,,,,,,48.99,29.43,,,,,,,,,
10-May-2015,07:30,10-May-2015,07:45,Maharashtra,Navi Mumbai,Airoli, Navi Mumbai - MPCB,0.13,55.08,,,,69.45,115.75,,,,143.63,33.86,,,25.85,2.73,,,,,,,,,,,,,49.72,30.13,,,,,,,,,
10-May-2015,07:45,10-May-2015,08:00,Maharashtra,Navi Mumbai,Airoli, Navi Mumbai - MPCB,0.48,56.38,,,,67.24,168.0,,,,148.08,34.75,,,25.93,2.74,,,,,,,,,,,,,49.28,30.55,,,,,,,,,
10-May-2015,08:00,10-May-2015,08:15,Maharashtra,Navi Mumbai,Airoli, Navi Mumbai - MPCB,0.35,57.33,,,,64.55,219.28,,,,133.83,31.9,,,25.51,2.75,,,,,,,,,,,,,46.84,30.98,,,,,,,,,
10-May-2015,08:15,10-May-2015,08:30,Maharashtra,Navi Mumbai,Airoli, Navi Mumbai - MPCB,0.34,51.37,,,,62.74,267.63,,,,107.02,26.54,,,25.48,2.78,,,,,,,,,,,,,45.57,31.35,,,,,,,,,
10-May-2015,08:30,10-May-2015,08:45,Maharashtra,Navi Mumbai,Airoli, Navi Mumbai - MPCB,0.27,45.68,,,,60.62,312.39,,,,132.53,31.64,,,25.19,2.73,,,,,,,,,,,,,44.48,32.12,,,,,,,,,
10-May-2015,08:45,10-May-2015,09:00,Maharashtra,Navi Mumbai,Airoli, Navi Mumbai - MPCB,0.38,51.11,,,,61.41,350.52,,,,160.98,37.33,,,25.41,2.74,,,,,,,,,,,,,43.13,32.16,,,,,,,,,
10-May-2015,09:00,10-May-2015,09:15,Maharashtra,Navi Mumbai,Airoli, Navi Mumbai - MPCB,0.61,32.39,,,,60.6,389.48,,,,173.87,39.91,,,25.03,2.77,,,,,,,,,,,,,42.36,32.44,,,,,,,,,
10-May-2015,09:15,10-May-2015,09:30,Maharashtra,Navi Mumbai,Airoli, Navi Mumbai - MPCB,0.71,43.75,,,,60.74,436.41,,,,151.41,35.41,,,24.92,2.78,,,,,,,,,,,,,40.76,32.26,,,,,,,,,
10-May-2015,09:30,10-May-2015,09:45,Maharashtra,Navi Mumbai,Airoli, Navi Mumbai - MPCB,0.31,28.13,,,,56.79,453.78,,,,126.13,30.36,,,24.81,2.76,,,,,,,,,,,,,40.23,33.24,,,,,,,,,
10-May-2015,09:45,10-May-2015,10:00,Maharashtra,Navi Mumbai,Airoli, Navi Mumbai - MPCB,0.31,359.29,,,,54.85,486.27,,,,100.81,25.29,,,24.66,2.78,,,,,,,,,,,,,38.64,33.93,,,,,,,,,
10-May-2015,10:00,10-May-2015,10:15,Maharashtra,Navi Mumbai,Airoli, Navi Mumbai - MPCB,0.75,39.7,,,,55.25,521.47,,,,95.58,24.25,,,24.74,2.78,,,,,,,,,,,,,38.21,34.06,,,,,,,,,
10-May-2015,10:15,10-May-2015,10:30,Maharashtra,Navi Mumbai,Airoli, Navi Mumbai - MPCB,0.41,44.22,,,,54.55,545.94,,,,102.91,25.71,,,24.78,2.78,,,,,,,,,,,,,37.69,34.35,,,,,,,,,
10-May-2015,10:30,10-May-2015,10:45,Maharashtra,Navi Mumbai,Airoli, Navi Mumbai - MPCB,0.27,10.89,,,,52.28,568.98,,,,110.03,27.14,,,24.61,2.78,,,,,,,,,,,,,36.66,34.69,,,,,,,,,
10-May-2015,10:45,10-May-2015,11:00,Maharashtra,Navi Mumbai,Airoli, Navi Mumbai - MPCB,0.4,25.76,,,,50.55,578.02,,,,94.19,23.97,,,24.68,2.77,,,,,,,,,,,,,36.13,35.53,,,,,,,,,
10-May-2015,11:00,10-May-2015,11:15,Maharashtra,Navi Mumbai,Airoli, Navi Mumbai - MPCB,0.42,42.06,,,,48.5,599.63,,,,94.47,24.03,,,24.58,2.73,,,,,,,,,,,,,35.46,35.91,,,,,,,,,
10-May-2015,11:15,10-May-2015,11:30,Maharashtra,Navi Mumbai,Airoli, Navi Mumbai - MPCB,0.18,355.71,,,,47.98,615.02,,,,67.98,18.73,,,24.59,2.76,,,,,,,,,,,,,34.59,36.0,,,,,,,,,
10-May-2015,11:30,10-May-2015,11:45,Maharashtra,Navi Mumbai,Airoli, Navi Mumbai - MPCB,0.23,10.29,,,,44.33,638.36,,,,54.3,15.99,,,24.56,2.72,,,,,,,,,,,,,34.09,36.81,,,,,,,,,
10-May-2015,11:45,10-May-2015,12:00,Maharashtra,Navi Mumbai,Airoli, Navi Mumbai - MPCB,0.44,190.29,,,,42.88,667.41,,,,21.18,9.37,,,24.64,2.8,,,,,,,,,,,,,33.36,37.04,,,,,,,,,
10-May-2015,12:00,10-May-2015,12:15,Maharashtra,Navi Mumbai,Airoli, Navi Mumbai - MPCB,0.08,18.82,,,,41.93,679.23,,,,43.67,13.87,,,24.57,2.75,,,,,,,,,,,,,32.39,37.38,,,,,,,,,
10-May-2015,12:15,10-May-2015,12:30,Maharashtra,Navi Mumbai,Airoli, Navi Mumbai - MPCB,0.07,196.78,,,,41.2,689.84,,,,41.15,13.36,,,24.61,2.79,,,,,,,,,,,,,32.2,37.52,,,,,,,,,
10-May-2015,12:30,10-May-2015,12:45,Maharashtra,Navi Mumbai,Airoli, Navi Mumbai - MPCB,0.32,14.63,,,,42.85,700.12,,,,56.2,16.37,,,24.45,2.75,,,,,,,,,,,,,32.29,37.47,,,,,,,,,
10-May-2015,12:45,10-May-2015,13:00,Maharashtra,Navi Mumbai,Airoli, Navi Mumbai - MPCB,0.14,14.32,,,,44.6,683.09,,,,62.76,17.68,,,24.56,2.76,,,,,,,,,,,,,31.04,38.29,,,,,,,,,
10-May-2015,13:00,10-May-2015,13:15,Maharashtra,Navi Mumbai,Airoli, Navi Mumbai - MPCB,0.07,309.99,,,,47.96,672.57,,,,92.75,23.68,,,24.67,2.77,,,,,,,,,,,,,31.44,37.99,,,,,,,,,
10-May-2015,13:15,10-May-2015,13:30,Maharashtra,Navi Mumbai,Airoli, Navi Mumbai - MPCB,0.07,177.05,,,,48.98,646.28,,,,103.43,25.82,,,24.61,2.71,,,,,,,,,,,,,30.98,38.03,,,,,,,,,
10-May-2015,13:30,10-May-2015,13:45,Maharashtra,Navi Mumbai,Airoli, Navi Mumbai - MPCB,0.09,267.68,,,,48.52,623.54,,,,137.41,32.61,,,24.72,2.72,,,,,,,,,,,,,30.5,38.0,,,,,,,,,
10-May-2015,13:45,10-May-2015,14:00,Maharashtra,Navi Mumbai,Airoli, Navi Mumbai - MPCB,0.18,338.45,,,,47.69,527.74,,,,226.24,50.38,,,24.51,2.71,,,,,,,,,,,,,30.1,37.76,,,,,,,,,
10-May-2015,14:00,10-May-2015,14:15,Maharashtra,Navi Mumbai,Airoli, Navi Mumbai - MPCB,0.19,159.07,,,,46.41,523.8,,,,218.74,48.88,,,24.96,2.71,,,,,,,,,,,,,33.12,37.62,,,,,,,,,
10-May-2015,14:15,10-May-2015,14:30,Maharashtra,Navi Mumbai,Airoli, Navi Mumbai - MPCB,0.08,353.94,,,,45.43,536.17,,,,70.32,18.48,,,24.96,2.68,,,,,,,,,,,,,34.73,37.52,,,,,,,,,
10-May-2015,14:30,10-May-2015,14:45,Maharashtra,Navi Mumbai,Airoli, Navi Mumbai - MPCB,0.16,357.57,,,,43.42,465.87,,,,,,,,25.18,2.7,,,,,,,,,,,,,37.35,37.53,,,,,,,,,
10-May-2015,14:45,10-May-2015,15:00,Maharashtra,Navi Mumbai,Airoli, Navi Mumbai - MPCB,0.54,238.76,,,,42.51,353.36,,,,,,,,25.11,2.68,,,,,,,,,,,,,38.24,37.31,,,,,,,,,
10-May-2015,15:00,10-May-2015,15:15,Maharashtra,Navi Mumbai,Airoli, Navi Mumbai - MPCB,0.23,226.07,,,,42.86,225.48,,,,,,,,25.37,2.68,,,,,,,,,,,,,38.92,37.12,,,,,,,,,
10-May-2015,15:15,10-May-2015,15:30,Maharashtra,Navi Mumbai,Airoli, Navi Mumbai - MPCB,0.15,227.43,,,,41.81,148.25,,,,,1.1,,,25.61,2.74,,,,,,,,,,,,,39.83,36.98,,,,,,,,,
10-May-2015,15:30,10-May-2015,15:45,Maharashtra,Navi Mumbai,Airoli, Navi Mumbai - MPCB,0.09,291.61,,,,39.31,103.41,,,,6.77,6.46,,,25.63,2.68,,,,,,,,,,,,,40.23,37.03,,,,,,,,,
10-May-2015,15:45,10-May-2015,16:00,Maharashtra,Navi Mumbai,Airoli, Navi Mumbai - MPCB,0.11,268.85,,,,36.59,88.31,,,,0.29,4.12,,,25.62,2.76,,,,,,,,,,,,,40.63,36.92,,,,,,,,,
10-May-2015,16:00,10-May-2015,16:15,Maharashtra,Navi Mumbai,Airoli, Navi Mumbai - MPCB,0.25,333.53,,,,34.42,72.0,,,,,1.63,,,25.79,2.7,,,,,,,,,,,,,41.74,36.6,,,,,,,,,
10-May-2015,16:15,10-May-2015,16:30,Maharashtra,Navi Mumbai,Airoli, Navi Mumbai - MPCB,0.45,222.56,,,,34.96,63.9,,,,3.15,5.06,,,25.57,2.7,,,,,,,,,,,,,40.91,36.62,,,,,,,,,
10-May-2015,16:30,10-May-2015,16:45,Maharashtra,Navi Mumbai,Airoli, Navi Mumbai - MPCB,0.07,283.36,,,,37.21,124.29,,,,41.93,13.52,,,25.98,2.76,,,,,,,,,,,,,41.08,36.24,,,,,,,,,
10-May-2015,16:45,10-May-2015,17:00,Maharashtra,Navi Mumbai,Airoli, Navi Mumbai - MPCB,0.37,225.11,,,,40.73,114.35,,,,77.74,20.68,,,25.92,2.73,,,,,,,,,,,,,41.79,35.63,,,,,,,,,
10-May-2015,17:00,10-May-2015,17:15,Maharashtra,Navi Mumbai,Airoli, Navi Mumbai - MPCB,0.27,214.09,,,,43.51,68.16,,,,103.9,25.91,,,25.56,2.73,,,,,,,,,,,,,41.95,35.31,,,,,,,,,
10-May-2015,17:15,10-May-2015,17:30,Maharashtra,Navi Mumbai,Airoli, Navi Mumbai - MPCB,0.27,191.28,,,,45.64,42.03,,,,107.3,26.59,,,25.81,2.71,,,,,,,,,,,,,42.21,35.13,,,,,,,,,
10-May-2015,17:30,10-May-2015,17:45,Maharashtra,Navi Mumbai,Airoli, Navi Mumbai - MPCB,0.09,243.86,,,,46.1,34.57,,,,88.7,22.87,,,25.77,2.78,,,,,,,,,,,,,42.23,34.86,,,,,,,,,
10-May-2015,17:45,10-May-2015,18:00,Maharashtra,Navi Mumbai,Airoli, Navi Mumbai - MPCB,0.01,122.0,,,,43.66,26.95,,,,68.29,18.79,,,25.76,2.75,,,,,,,,,,,,,42.34,34.67,,,,,,,,,
10-May-2015,18:00,10-May-2015,18:15,Maharashtra,Navi Mumbai,Airoli, Navi Mumbai - MPCB,0.07,23.29,,,,39.45,20.71,,,,61.52,17.44,,,25.98,2.7,,,,,,,,,,,,,42.22,34.43,,,,,,,,,
10-May-2015,18:15,10-May-2015,18:30,Maharashtra,Navi Mumbai,Airoli, Navi Mumbai - MPCB,0.02,325.0,,,,42.18,9.68,,,,52.83,15.7,,,25.73,2.71,,,,,,,,,,,,,42.51,34.29,,,,,,,,,
10-May-2015,18:30,10-May-2015,18:45,Maharashtra,Navi Mumbai,Airoli, Navi Mumbai - MPCB,0.13,115.18,,,,40.75,2.75,,,,61.23,17.38,,,25.97,2.72,,,,,,,,,,,,,43.52,33.9,,,,,,,,,
10-May-2015,18:45,10-May-2015,19:00,Maharashtra,Navi Mumbai,Airoli, Navi Mumbai - MPCB,0.0,347.0,,,,38.99,0.13,,,,63.42,17.82,,,25.77,2.77,,,,,,,,,,,,,43.6,33.71,,,,,,,,,
10-May-2015,19:00,10-May-2015,19:15,Maharashtra,Navi Mumbai,Airoli, Navi Mumbai - MPCB,0.01,347.0,,,,40.5,,,,,72.47,19.63,,,25.96,2.74,,,,,,,,,,,,,43.34,33.32,,,,,,,,,
10-May-2015,19:15,10-May-2015,19:30,Maharashtra,Navi Mumbai,Airoli, Navi Mumbai - MPCB,0.01,353.0,,,,43.14,,,,,59.67,17.07,,,25.79,2.74,,,,,,,,,,,,,43.25,32.86,,,,,,,,,
10-May-2015,19:30,10-May-2015,19:45,Maharashtra,Navi Mumbai,Airoli, Navi Mumbai - MPCB,,,,,,47.83,,,,,71.92,19.52,,,25.92,2.74,,,,,,,,,,,,,43.3,32.5,,,,,,,,,
10-May-2015,19:45,10-May-2015,20:00,Maharashtra,Navi Mumbai,Airoli, Navi Mumbai - MPCB,0.11,214.57,,,,51.68,,,,,88.57,22.85,,,25.81,2.69,,,,,,,,,,,,,43.38,32.16,,,,,,,,,
10-May-2015,20:00,10-May-2015,20:15,Maharashtra,Navi Mumbai,Airoli, Navi Mumbai - MPCB,,,,,,54.9,,,,,110.8,27.29,,,25.97,2.74,,,,,,,,,,,,,43.48,31.86,,,,,,,,,
10-May-2015,20:15,10-May-2015,20:30,Maharashtra,Navi Mumbai,Airoli, Navi Mumbai - MPCB,,,,,,55.84,,,,,138.35,32.8,,,25.74,2.77,,,,,,,,,,,,,43.16,31.55,,,,,,,,,
10-May-2015,20:30,10-May-2015,20:45,Maharashtra,Navi Mumbai,Airoli, Navi Mumbai - MPCB,,,,,,56.97,,,,,145.29,34.19,,,25.68,2.77,,,,,,,,,,,,,42.27,31.08,,,,,,,,,
10-May-2015,20:45,10-May-2015,21:00,Maharashtra,Navi Mumbai,Airoli, Navi Mumbai - MPCB,,,,,,57.44,,,,,133.08,31.75,,,25.95,2.79,,,,,,,,,,,,,39.96,30.97,,,,,,,,,
10-May-2015,21:00,10-May-2015,21:15,Maharashtra,Navi Mumbai,Airoli, Navi Mumbai - MPCB,0.01,65.0,,,,57.41,,,,,109.52,27.04,,,25.24,2.78,,,,,,,,,,,,,39.06,30.85,,,,,,,,,
10-May-2015,21:15,10-May-2015,21:30,Maharashtra,Navi Mumbai,Airoli, Navi Mumbai - MPCB,,,,,,56.64,,,,,113.73,27.88,,,25.17,2.79,,,,,,,,,,,,,39.59,30.58,,,,,,,,,
10-May-2015,21:30,10-May-2015,21:45,Maharashtra,Navi Mumbai,Airoli, Navi Mumbai - MPCB,,,,,,58.37,,,,,120.17,29.17,,,25.05,2.8,,,,,,,,,,,,,40.6,30.44,,,,,,,,,
10-May-2015,21:45,10-May-2015,22:00,Maharashtra,Navi Mumbai,Airoli, Navi Mumbai - MPCB,,,,,,58.92,,,,,123.75,29.88,,,24.98,2.81,,,,,,,,,,,,,40.8,30.56,,,,,,,,,
10-May-2015,22:00,10-May-2015,22:15,Maharashtra,Navi Mumbai,Airoli, Navi Mumbai - MPCB,,,,,,59.57,,,,,122.17,29.57,,,24.91,2.79,,,,,,,,,,,,,39.81,30.41,,,,,,,,,
10-May-2015,22:15,10-May-2015,22:30,Maharashtra,Navi Mumbai,Airoli, Navi Mumbai - MPCB,,,,,,61.32,,,,,123.05,29.74,,,25.23,2.8,,,,,,,,,,,,,41.01,30.36,,,,,,,,,
10-May-2015,22:30,10-May-2015,22:45,Maharashtra,Navi Mumbai,Airoli, Navi Mumbai - MPCB,,,,,,64.68,,,,,135.26,32.18,,,25.2,2.81,,,,,,,,,,,,,40.04,30.44,,,,,,,,,
10-May-2015,22:45,10-May-2015,23:00,Maharashtra,Navi Mumbai,Airoli, Navi Mumbai - MPCB,,,,,,66.12,,,,,132.29,31.59,,,24.88,2.79,,,,,,,,,,,,,39.63,30.15,,,,,,,,,
10-May-2015,23:00,10-May-2015,23:15,Maharashtra,Navi Mumbai,Airoli, Navi Mumbai - MPCB,0.04,59.64,,,,63.27,,,,,117.47,28.63,,,24.62,2.85,,,,,,,,,,,,,39.17,30.03,,,,,,,,,
10-May-2015,23:15,10-May-2015,23:30,Maharashtra,Navi Mumbai,Airoli, Navi Mumbai - MPCB,,,,,,63.71,,,,,95.01,24.13,,,24.94,2.83,,,,,,,,,,,,,39.31,30.27,,,,,,,,,
10-May-2015,23:30,10-May-2015,23:45,Maharashtra,Navi Mumbai,Airoli, Navi Mumbai - MPCB,,,,,,65.54,,,,,107.52,26.64,,,25.09,2.77,,,,,,,,,,,,,40.15,30.23,,,,,,,,,
10-May-2015,23:45,11-May-2015,00:00,Maharashtra,Navi Mumbai,Airoli, Navi Mumbai - MPCB,,,,,,68.88,,,,,125.73,30.28,,,24.95,2.81,,,,,,,,,,,,,39.91,30.08,,,,,,,,,
11-May-2015,00:00,11-May-2015,00:15,Maharashtra,Navi Mumbai,Airoli, Navi Mumbai - MPCB,0.04,44.89,,,,70.94,,,,,150.74,35.28,,,24.94,2.82,,,,,,,,,,,,,39.59,29.97,,,,,,,,,
11-May-2015,00:15,11-May-2015,00:30,Maharashtra,Navi Mumbai,Airoli, Navi Mumbai - MPCB,0.01,28.0,,,,71.59,,,,,154.0,35.93,,,24.77,2.8,,,,,,,,,,,,,39.85,29.91,,,,,,,,,
11-May-2015,00:30,11-May-2015,00:45,Maharashtra,Navi Mumbai,Airoli, Navi Mumbai - MPCB,0.03,19.0,,,,73.14,,,,,130.75,31.28,,,24.9,2.79,,,,,,,,,,,,,39.49,29.93,,,,,,,,,
11-May-2015,00:45,11-May-2015,01:00,Maharashtra,Navi Mumbai,Airoli, Navi Mumbai - MPCB,0.03,2.18,,,,74.54,,,,,109.83,27.1,,,24.8,2.83,,,,,,,,,,,,,39.19,29.81,,,,,,,,,
11-May-2015,01:00,11-May-2015,01:15,Maharashtra,Navi Mumbai,Airoli, Navi Mumbai - MPCB,,,,,,75.37,,,,,108.48,26.83,,,24.75,2.79,,,,,,,,,,,,,39.11,29.63,,,,,,,,,
11-May-2015,01:15,11-May-2015,01:30,Maharashtra,Navi Mumbai,Airoli, Navi Mumbai - MPCB,,,,,,75.92,,,,,126.96,30.52,,,24.93,2.8,,,,,,,,,,,,,37.86,29.44,,,,,,,,,
11-May-2015,01:30,11-May-2015,01:45,Maharashtra,Navi Mumbai,Airoli, Navi Mumbai - MPCB,,,,,,76.68,,,,,97.85,24.7,,,24.81,2.81,,,,,,,,,,,,,37.8,29.25,,,,,,,,,
11-May-2015,01:45,11-May-2015,02:00,Maharashtra,Navi Mumbai,Airoli, Navi Mumbai - MPCB,,,,,,77.69,,,,,81.64,21.46,,,25.09,2.84,,,,,,,,,,,,,37.7,29.27,,,,,,,,,
11-May-2015,02:00,11-May-2015,02:15,Maharashtra,Navi Mumbai,Airoli, Navi Mumbai - MPCB,0.01,38.0,,,,77.58,,,,,72.62,19.66,,,25.05,2.82,,,,,,,,,,,,,37.24,29.23,,,,,,,,,
11-May-2015,02:15,11-May-2015,02:30,Maharashtra,Navi Mumbai,Airoli, Navi Mumbai - MPCB,,,,,,77.43,,,,,71.44,19.42,,,24.83,2.81,,,,,,,,,,,,,36.47,28.88,,,,,,,,,
11-May-2015,02:30,11-May-2015,02:45,Maharashtra,Navi Mumbai,Airoli, Navi Mumbai - MPCB,,,,,,78.36,,,,,47.66,14.66,,,24.88,2.76,,,,,,,,,,,,,37.87,28.67,,,,,,,,,
11-May-2015,02:45,11-May-2015,03:00,Maharashtra,Navi Mumbai,Airoli, Navi Mumbai - MPCB,0.01,53.0,,,,79.47,,,,,26.32,10.4,,,25.13,2.76,,,,,,,,,,,,,40.26,28.54,,,,,,,,,
11-May-2015,03:00,11-May-2015,03:15,Maharashtra,Navi Mumbai,Airoli, Navi Mumbai - MPCB,0.19,52.9,,,,79.23,,,,,27.28,10.59,,,24.98,2.75,,,,,,,,,,,,,41.57,28.8,,,,,,,,,
11-May-2015,03:15,11-May-2015,03:30,Maharashtra,Navi Mumbai,Airoli, Navi Mumbai - MPCB,,,,,,79.3,,,,,39.37,13.01,,,25.08,2.73,,,,,,,,,,,,,44.46,28.95,,,,,,,,,
11-May-2015,03:30,11-May-2015,03:45,Maharashtra,Navi Mumbai,Airoli, Navi Mumbai - MPCB,0.01,45.5,,,,80.03,,,,,33.53,11.84,,,25.35,2.77,,,,,,,,,,,,,45.13,28.82,,,,,,,,,
11-May-2015,03:45,11-May-2015,04:00,Maharashtra,Navi Mumbai,Airoli, Navi Mumbai - MPCB,0.17,63.3,,,,79.53,,,,,37.72,12.68,,,25.43,2.75,,,,,,,,,,,,,46.91,28.78,,,,,,,,,
11-May-2015,04:00,11-May-2015,04:15,Maharashtra,Navi Mumbai,Airoli, Navi Mumbai - MPCB,0.29,67.33,,,,79.0,,,,,36.46,12.42,,,25.65,2.74,,,,,,,,,,,,,47.11,28.82,,,,,,,,,
11-May-2015,04:15,11-May-2015,04:30,Maharashtra,Navi Mumbai,Airoli, Navi Mumbai - MPCB,0.14,73.91,,,,78.97,,,,,46.18,14.37,,,25.7,2.76,,,,,,,,,,,,,47.7,28.79,,,,,,,,,
11-May-2015,04:30,11-May-2015,04:45,Maharashtra,Navi Mumbai,Airoli, Navi Mumbai - MPCB,0.14,47.91,,,,78.46,,,,,40.4,13.21,,,25.53,2.76,,,,,,,,,,,,,47.97,28.73,,,,,,,,,
11-May-2015,04:45,11-May-2015,05:00,Maharashtra,Navi Mumbai,Airoli, Navi Mumbai - MPCB,0.25,65.52,,,,77.07,,,,,41.28,13.39,,,25.63,2.77,,,,,,,,,,,,,47.72,28.88,,,,,,,,,
11-May-2015,05:00,11-May-2015,05:15,Maharashtra,Navi Mumbai,Airoli, Navi Mumbai - MPCB,0.15,48.0,,,,77.03,,,,,26.11,10.35,,,25.72,2.77,,,,,,,,,,,,,48.94,28.71,,,,,,,,,
11-May-2015,05:15,11-May-2015,05:30,Maharashtra,Navi Mumbai,Airoli, Navi Mumbai - MPCB,0.25,55.19,,,,77.06,,,,,27.91,10.71,,,25.61,2.77,,,,,,,,,,,,,48.63,28.58,,,,,,,,,
11-May-2015,05:30,11-May-2015,05:45,Maharashtra,Navi Mumbai,Airoli, Navi Mumbai - MPCB,0.45,57.44,,,,77.69,,,,,47.74,14.68,,,25.59,2.76,,,,,,,,,,,,,49.0,28.66,,,,,,,,,
11-May-2015,05:45,11-May-2015,06:00,Maharashtra,Navi Mumbai,Airoli, Navi Mumbai - MPCB,0.22,53.69,,,,78.18,,,,,79.75,21.08,,,25.84,2.78,,,,,,,,,,,,,49.34,28.54,,,,,,,,,
11-May-2015,06:00,11-May-2015,06:15,Maharashtra,Navi Mumbai,Airoli, Navi Mumbai - MPCB,,,,,,78.95,,,,,79.21,20.97,,,25.63,2.78,,,,,,,,,,,,,49.85,28.28,,,,,,,,,
11-May-2015,06:15,11-May-2015,06:30,Maharashtra,Navi Mumbai,Airoli, Navi Mumbai - MPCB,0.11,52.0,,,,79.7,,,,,81.81,21.49,,,25.83,2.77,,,,,,,,,,,,,50.25,28.18,,,,,,,,,
11-May-2015,06:30,11-May-2015,06:45,Maharashtra,Navi Mumbai,Airoli, Navi Mumbai - MPCB,0.04,72.0,,,,79.63,,,,,101.09,25.35,,,25.85,2.8,,,,,,,,,,,,,51.19,28.13,,,,,,,,,
11-May-2015,06:45,11-May-2015,07:00,Maharashtra,Navi Mumbai,Airoli, Navi Mumbai - MPCB,,,,,,79.37,6.98,,,,114.16,27.96,,,25.68,2.79,,,,,,,,,,,,,51.53,28.37,,,,,,,,,
11-May-2015,07:00,11-May-2015,07:15,Maharashtra,Navi Mumbai,Airoli, Navi Mumbai - MPCB,,,,,,78.79,23.64,,,,113.38,27.81,,,25.89,2.77,,,,,,,,,,,,,52.43,28.43,,,,,,,,,
11-May-2015,07:15,11-May-2015,07:30,Maharashtra,Navi Mumbai,Airoli, Navi Mumbai - MPCB,0.07,22.41,,,,77.02,61.76,,,,113.03,27.74,,,25.54,2.8,,,,,,,,,,,,,53.23,28.77,,,,,,,,,
11-May-2015,07:30,11-May-2015,07:45,Maharashtra,Navi Mumbai,Airoli, Navi Mumbai - MPCB,0.01,6.0,,,,75.82,107.41,,,,116.1,28.35,,,25.58,2.8,,,,,,,,,,,,,53.99,29.19,,,,,,,,,
11-May-2015,07:45,11-May-2015,08:00,Maharashtra,Navi Mumbai,Airoli, Navi Mumbai - MPCB,0.24,34.78,,,,73.65,160.49,,,,126.57,30.44,,,25.76,2.81,,,,,,,,,,,,,54.56,29.62,,,,,,,,,
11-May-2015,08:00,11-May-2015,08:15,Maharashtra,Navi Mumbai,Airoli, Navi Mumbai - MPCB,0.44,54.33,,,,70.16,217.81,,,,119.01,28.93,,,25.89,2.81,,,,,,,,,,,,,54.81,29.84,,,,,,,,,
11-May-2015,08:15,11-May-2015,08:30,Maharashtra,Navi Mumbai,Airoli, Navi Mumbai - MPCB,0.08,74.44,,,,67.43,264.42,,,,118.22,28.78,,,25.88,2.78,,,,,,,,,,,,,55.77,30.57,,,,,,,,,
11-May-2015,08:30,11-May-2015,08:45,Maharashtra,Navi Mumbai,Airoli, Navi Mumbai - MPCB,0.04,314.98,,,,63.19,306.58,,,,121.14,29.36,,,25.9,2.8,,,,,,,,,,,,,56.91,31.53,,,,,,,,,
11-May-2015,08:45,11-May-2015,09:00,Maharashtra,Navi Mumbai,Airoli, Navi Mumbai - MPCB,0.01,128.82,,,,60.06,340.64,,,,131.11,31.35,,,25.71,2.8,,,,,,,,,,,,,55.95,32.18,,,,,,,,,
11-May-2015,09:00,11-May-2015,09:15,Maharashtra,Navi Mumbai,Airoli, Navi Mumbai - MPCB,0.05,353.05,,,,56.7,372.46,,,,141.95,33.52,,,25.65,2.83,,,,,,,,,,,,,53.85,32.41,,,,,,,,,
11-May-2015,09:15,11-May-2015,09:30,Maharashtra,Navi Mumbai,Airoli, Navi Mumbai - MPCB,0.08,350.38,,,,52.46,421.49,,,,145.61,34.25,,,25.76,2.82,,,,,,,,,,,,,51.73,32.92,,,,,,,,,
11-May-2015,09:30,11-May-2015,09:45,Maharashtra,Navi Mumbai,Airoli, Navi Mumbai - MPCB,0.24,34.91,,,,50.29,456.11,,,,143.91,33.91,,,25.44,2.87,,,,,,,,,,,,,49.38,33.6,,,,,,,,,
11-May-2015,09:45,11-May-2015,10:00,Maharashtra,Navi Mumbai,Airoli, Navi Mumbai - MPCB,0.4,38.52,,,,50.02,490.25,,,,124.04,29.94,,,25.32,2.81,,,,,,,,,,,,,46.38,33.3,,,,,,,,,
11-May-2015,10:00,11-May-2015,10:15,Maharashtra,Navi Mumbai,Airoli, Navi Mumbai - MPCB,0.2,45.86,,,,45.42,515.45,,,,119.14,28.96,,,25.32,2.81,,,,,,,,,,,,,45.24,34.31,,,,,,,,,
11-May-2015,10:15,11-May-2015,10:30,Maharashtra,Navi Mumbai,Airoli, Navi Mumbai - MPCB,0.06,9.97,,,,44.76,533.92,,,,127.08,30.55,,,25.27,2.85,,,,,,,,,,,,,44.4,35.0,,,,,,,,,
11-May-2015,10:30,11-May-2015,10:45,Maharashtra,Navi Mumbai,Airoli, Navi Mumbai - MPCB,0.05,21.49,,,,43.69,558.84,,,,146.74,34.48,,,25.2,2.84,,,,,,,,,,,,,43.06,35.9,,,,,,,,,
11-May-2015,10:45,11-May-2015,11:00,Maharashtra,Navi Mumbai,Airoli, Navi Mumbai - MPCB,0.42,225.08,,,,44.06,589.45,,,,134.92,32.12,,,24.9,2.84,,,,,,,,,,,,,42.07,35.95,,,,,,,,,
11-May-2015,11:00,11-May-2015,11:15,Maharashtra,Navi Mumbai,Airoli, Navi Mumbai - MPCB,0.32,59.58,,,,44.72,609.86,,,,101.66,25.46,,,24.68,2.81,,,,,,,,,,,,,40.43,35.98,,,,,,,,,
11-May-2015,11:15,11-May-2015,11:30,Maharashtra,Navi Mumbai,Airoli, Navi Mumbai - MPCB,0.29,34.29,,,,45.06,632.53,,,,87.83,22.7,,,24.79,2.81,,,,,,,,,,,,,39.88,36.23,,,,,,,,,
11-May-2015,11:30,11-May-2015,11:45,Maharashtra,Navi Mumbai,Airoli, Navi Mumbai - MPCB,0.31,49.36,,,,44.27,647.26,,,,86.93,22.52,,,24.67,2.81,,,,,,,,,,,,,39.36,36.96,,,,,,,,,
11-May-2015,11:45,11-May-2015,12:00,Maharashtra,Navi Mumbai,Airoli, Navi Mumbai - MPCB,0.54,61.27,,,,43.59,665.07,,,,91.67,23.47,,,24.82,2.79,,,,,,,,,,,,,38.6,37.32,,,,,,,,,
11-May-2015,12:00,11-May-2015,12:15,Maharashtra,Navi Mumbai,Airoli, Navi Mumbai - MPCB,0.18,4.05,,,,42.37,676.75,,,,86.8,22.49,,,24.86,2.78,,,,,,,,,,,,,38.2,37.88,,,,,,,,,
11-May-2015,12:15,11-May-2015,12:30,Maharashtra,Navi Mumbai,Airoli, Navi Mumbai - MPCB,0.32,35.08,,,,41.1,703.22,,,,87.8,22.69,,,24.92,2.77,,,,,,,,,,,,,37.38,37.86,,,,,,,,,
11-May-2015,12:30,11-May-2015,12:45,Maharashtra,Navi Mumbai,Airoli, Navi Mumbai - MPCB,0.06,38.12,,,,38.35,702.31,,,,59.54,17.04,,,24.89,2.8,,,,,,,,,,,,,37.94,38.47,,,,,,,,,
11-May-2015,12:45,11-May-2015,13:00,Maharashtra,Navi Mumbai,Airoli, Navi Mumbai - MPCB,0.06,310.43,,,,37.58,696.08,,,,37.17,12.57,,,24.68,2.82,,,,,,,,,,,,,36.75,38.86,,,,,,,,,
11-May-2015,13:00,11-May-2015,13:15,Maharashtra,Navi Mumbai,Airoli, Navi Mumbai - MPCB,0.12,326.09,,,,39.61,672.43,,,,52.92,15.72,,,24.8,2.83,,,,,,,,,,,,,36.38,38.91,,,,,,,,,
11-May-2015,13:15,11-May-2015,13:30,Maharashtra,Navi Mumbai,Airoli, Navi Mumbai - MPCB,0.94,234.91,,,,45.95,651.79,,,,88.62,22.86,,,24.96,2.84,,,,,,,,,,,,,36.02,38.32,,,,,,,,,
11-May-2015,13:30,11-May-2015,13:45,Maharashtra,Navi Mumbai,Airoli, Navi Mumbai - MPCB,0.39,244.95,,,,50.39,614.16,,,,137.54,32.64,,,25.14,2.82,,,,,,,,,,,,,35.82,37.88,,,,,,,,,
11-May-2015,13:45,11-May-2015,14:00,Maharashtra,Navi Mumbai,Airoli, Navi Mumbai - MPCB,0.21,344.58,,,,49.33,542.83,,,,180.05,41.14,,,24.62,2.8,,,,,,,,,,,,,36.3,38.3,,,,,,,,,
11-May-2015,14:00,11-May-2015,14:15,Maharashtra,Navi Mumbai,Airoli, Navi Mumbai - MPCB,0.03,55.5,,,,49.2,552.47,,,,175.7,40.27,,,24.79,2.82,,,,,,,,,,,,,36.0,38.52,,,,,,,,,
11-May-2015,14:15,11-May-2015,14:30,Maharashtra,Navi Mumbai,Airoli, Navi Mumbai - MPCB,0.41,233.3,,,,49.67,505.92,,,,134.35,32.0,,,25.07,2.82,,,,,,,,,,,,,36.27,38.28,,,,,,,,,
11-May-2015,14:30,11-May-2015,14:45,Maharashtra,Navi Mumbai,Airoli, Navi Mumbai - MPCB,0.04,335.14,,,,50.1,464.54,,,,98.03,24.74,,,24.95,2.83,,,,,,,,,,,,,36.81,38.06,,,,,,,,,
11-May-2015,14:45,11-May-2015,15:00,Maharashtra,Navi Mumbai,Airoli, Navi Mumbai - MPCB,0.45,227.69,,,,49.81,341.0,,,,97.95,24.72,,,25.03,2.83,,,,,,,,,,,,,34.48,37.81,,,,,,,,,
11-May-2015,15:00,11-May-2015,15:15,Maharashtra,Navi Mumbai,Airoli, Navi Mumbai - MPCB,0.31,286.25,,,,49.9,210.21,,,,83.24,21.78,,,24.96,2.81,,,,,,,,,,,,,35.84,37.32,,,,,,,,,
11-May-2015,15:15,11-May-2015,15:30,Maharashtra,Navi Mumbai,Airoli, Navi Mumbai - MPCB,0.38,286.1,,,,52.11,163.8,,,,43.04,13.74,,,25.04,2.8,,,,,,,,,,,,,38.95,36.72,,,,,,,,,
11-May-2015,15:30,11-May-2015,15:45,Maharashtra,Navi Mumbai,Airoli, Navi Mumbai - MPCB,0.35,344.44,,,,53.2,113.53,,,,5.84,6.12,,,25.1,2.81,,,,,,,,,,,,,40.48,36.66,,,,,,,,,
11-May-2015,15:45,11-May-2015,16:00,Maharashtra,Navi Mumbai,Airoli, Navi Mumbai - MPCB,0.4,196.36,,,,54.59,100.96,,,,0.03,3.54,,,25.22,2.82,,,,,,,,,,,,,41.75,36.27,,,,,,,,,
11-May-2015,16:00,11-May-2015,16:15,Maharashtra,Navi Mumbai,Airoli, Navi Mumbai - MPCB,0.2,272.84,,,,55.94,83.76,,,,28.43,10.82,,,25.45,2.79,,,,,,,,,,,,,42.62,36.1,,,,,,,,,
11-May-2015,16:15,11-May-2015,16:30,Maharashtra,Navi Mumbai,Airoli, Navi Mumbai - MPCB,,,,,,,,,,,,,,,,,,,,,,,,,,,,,,,,,,,,,,,
11-May-2015,16:30,11-May-2015,16:45,Maharashtra,Navi Mumbai,Airoli, Navi Mumbai - MPCB,,,,,,,,,,,,,,,,,,,,,,,,,,,,,,,,,,,,,,,
11-May-2015,16:45,11-May-2015,17:00,Maharashtra,Navi Mumbai,Airoli, Navi Mumbai - MPCB,0.02,294.0,,,,55.61,55.64,,,,46.12,14.36,,,279.85,2.81,,,,,,,,,,,,,27.98,35.19,,,,,,,,,
11-May-2015,17:00,11-May-2015,17:15,Maharashtra,Navi Mumbai,Airoli, Navi Mumbai - MPCB,0.46,306.68,,,,55.21,53.8,,,,29.29,10.27,,,115.01,2.84,,,,,,,,,,,,,35.89,34.64,,,,,,,,,
11-May-2015,17:15,11-May-2015,17:30,Maharashtra,Navi Mumbai,Airoli, Navi Mumbai - MPCB,0.38,4.2,,,,57.32,41.73,,,,11.3,3.52,,,44.74,2.84,,,,,,,,,,,,,39.9,34.16,,,,,,,,,
11-May-2015,17:30,11-May-2015,17:45,Maharashtra,Navi Mumbai,Airoli, Navi Mumbai - MPCB,0.12,358.19,,,,57.14,32.59,,,,12.33,3.83,,,29.83,2.91,,,,,,,,,,,,,40.17,33.81,,,,,,,,,
11-May-2015,17:45,11-May-2015,18:00,Maharashtra,Navi Mumbai,Airoli, Navi Mumbai - MPCB,0.28,0.2,,,,56.84,25.62,,,,10.28,3.2,,,26.96,2.91,,,,,,,,,,,,,40.04,33.84,,,,,,,,,
11-May-2015,18:00,11-May-2015,18:15,Maharashtra,Navi Mumbai,Airoli, Navi Mumbai - MPCB,0.14,337.76,,,,57.27,18.27,,,,34.01,11.35,,,26.53,2.91,,,,,,,,,,,,,38.78,33.6,,,,,,,,,
11-May-2015,18:15,11-May-2015,18:30,Maharashtra,Navi Mumbai,Airoli, Navi Mumbai - MPCB,0.19,25.51,,,,56.35,7.21,,,,61.56,17.44,,,25.94,2.95,,,,,,,,,,,,,38.32,33.32,,,,,,,,,
11-May-2015,18:30,11-May-2015,18:45,Maharashtra,Navi Mumbai,Airoli, Navi Mumbai - MPCB,0.04,117.9,,,,56.88,0.81,,,,73.03,19.74,,,25.67,2.93,,,,,,,,,,,,,37.18,33.03,,,,,,,,,
11-May-2015,18:45,11-May-2015,19:00,Maharashtra,Navi Mumbai,Airoli, Navi Mumbai - MPCB,0.05,157.51,,,,57.2,,,,,83.14,21.76,,,25.24,2.94,,,,,,,,,,,,,36.71,32.81,,,,,,,,,
11-May-2015,19:00,11-May-2015,19:15,Maharashtra,Navi Mumbai,Airoli, Navi Mumbai - MPCB,,,,,,58.25,,,,,98.21,24.77,,,25.29,2.96,,,,,,,,,,,,,34.94,32.28,,,,,,,,,
11-May-2015,19:15,11-May-2015,19:30,Maharashtra,Navi Mumbai,Airoli, Navi Mumbai - MPCB,0.01,331.19,,,,59.47,,,,,110.48,27.23,,,25.21,2.96,,,,,,,,,,,,,34.0,31.91,,,,,,,,,
11-May-2015,19:30,11-May-2015,19:45,Maharashtra,Navi Mumbai,Airoli, Navi Mumbai - MPCB,0.02,175.0,,,,60.15,,,,,115.07,28.15,,,25.06,2.93,,,,,,,,,,,,,33.99,31.84,,,,,,,,,
11-May-2015,19:45,11-May-2015,20:00,Maharashtra,Navi Mumbai,Airoli, Navi Mumbai - MPCB,0.07,3.0,,,,62.05,,,,,112.39,27.61,,,24.88,2.9,,,,,,,,,,,,,33.48,31.63,,,,,,,,,
11-May-2015,20:00,11-May-2015,20:15,Maharashtra,Navi Mumbai,Airoli, Navi Mumbai - MPCB,0.01,291.76,,,,64.48,,,,,116.3,28.39,,,25.1,2.91,,,,,,,,,,,,,32.9,31.54,,,,,,,,,
11-May-2015,20:15,11-May-2015,20:30,Maharashtra,Navi Mumbai,Airoli, Navi Mumbai - MPCB,0.06,1.76,,,,64.76,,,,,125.27,30.19,,,24.96,2.91,,,,,,,,,,,,,31.77,31.18,,,,,,,,,
11-May-2015,20:30,11-May-2015,20:45,Maharashtra,Navi Mumbai,Airoli, Navi Mumbai - MPCB,0.09,24.85,,,,63.77,,,,,124.45,30.02,,,24.88,2.88,,,,,,,,,,,,,31.66,31.32,,,,,,,,,
11-May-2015,20:45,11-May-2015,21:00,Maharashtra,Navi Mumbai,Airoli, Navi Mumbai - MPCB,0.01,349.0,,,,65.44,,,,,126.76,30.48,,,24.85,2.92,,,,,,,,,,,,,30.79,31.38,,,,,,,,,
11-May-2015,21:00,11-May-2015,21:15,Maharashtra,Navi Mumbai,Airoli, Navi Mumbai - MPCB,0.02,7.0,,,,66.67,,,,,132.6,31.65,,,25.09,2.9,,,,,,,,,,,,,30.36,31.12,,,,,,,,,
11-May-2015,21:15,11-May-2015,21:30,Maharashtra,Navi Mumbai,Airoli, Navi Mumbai - MPCB,,,,,,67.64,,,,,129.52,31.04,,,25.01,2.92,,,,,,,,,,,,,29.61,30.84,,,,,,,,,
11-May-2015,21:30,11-May-2015,21:45,Maharashtra,Navi Mumbai,Airoli, Navi Mumbai - MPCB,0.15,312.06,,,,68.7,,,,,123.61,29.85,,,25.06,2.9,,,,,,,,,,,,,29.82,30.83,,,,,,,,,
11-May-2015,21:45,11-May-2015,22:00,Maharashtra,Navi Mumbai,Airoli, Navi Mumbai - MPCB,0.05,306.0,,,,70.59,,,,,121.85,29.5,,,25.06,2.92,,,,,,,,,,,,,28.34,30.75,,,,,,,,,
11-May-2015,22:00,11-May-2015,22:15,Maharashtra,Navi Mumbai,Airoli, Navi Mumbai - MPCB,0.08,343.74,,,,71.82,,,,,117.98,28.73,,,25.09,2.93,,,,,,,,,,,,,28.12,30.67,,,,,,,,,
11-May-2015,22:15,11-May-2015,22:30,Maharashtra,Navi Mumbai,Airoli, Navi Mumbai - MPCB,0.01,166.0,,,,72.63,,,,,132.0,31.53,,,25.04,2.91,,,,,,,,,,,,,27.79,30.65,,,,,,,,,
11-May-2015,22:30,11-May-2015,22:45,Maharashtra,Navi Mumbai,Airoli, Navi Mumbai - MPCB,0.03,6.0,,,,74.22,,,,,127.54,30.64,,,25.38,2.93,,,,,,,,,,,,,27.96,30.39,,,,,,,,,
11-May-2015,22:45,11-May-2015,23:00,Maharashtra,Navi Mumbai,Airoli, Navi Mumbai - MPCB,0.03,161.0,,,,74.91,,,,,108.94,26.92,,,26.49,2.93,,,,,,,,,,,,,28.09,30.12,,,,,,,,,
11-May-2015,23:00,11-May-2015,23:15,Maharashtra,Navi Mumbai,Airoli, Navi Mumbai - MPCB,0.02,341.8,,,,74.95,,,,,95.73,24.28,,,25.6,2.92,,,,,,,,,,,,,27.12,30.35,,,,,,,,,
11-May-2015,23:15,11-May-2015,23:30,Maharashtra,Navi Mumbai,Airoli, Navi Mumbai - MPCB,,,,,,75.58,,,,,112.03,27.54,,,25.33,2.93,,,,,,,,,,,,,25.78,30.16,,,,,,,,,
11-May-2015,23:30,11-May-2015,23:45,Maharashtra,Navi Mumbai,Airoli, Navi Mumbai - MPCB,,,,,,77.22,,,,,101.19,25.37,,,25.01,2.9,,,,,,,,,,,,,24.6,29.91,,,,,,,,,
11-May-2015,23:45,12-May-2015,00:00,Maharashtra,Navi Mumbai,Airoli, Navi Mumbai - MPCB,,,,,,78.38,,,,,74.13,19.96,,,24.83,2.85,,,,,,,,,,,,,23.8,29.78,,,,,,,,,
12-May-2015,00:00,12-May-2015,00:15,Maharashtra,Navi Mumbai,Airoli, Navi Mumbai - MPCB,,,,,,79.15,,,,,33.8,11.89,,,25.33,2.85,,,,,,,,,,,,,22.64,29.63,,,,,,,,,
12-May-2015,00:15,12-May-2015,00:30,Maharashtra,Navi Mumbai,Airoli, Navi Mumbai - MPCB,0.03,179.86,,,,79.3,,,,,42.35,13.6,,,25.12,2.83,,,,,,,,,,,,,22.41,29.71,,,,,,,,,
12-May-2015,00:30,12-May-2015,00:45,Maharashtra,Navi Mumbai,Airoli, Navi Mumbai - MPCB,0.02,227.68,,,,79.02,,,,,35.88,12.31,,,25.26,2.84,,,,,,,,,,,,,22.4,29.83,,,,,,,,,
12-May-2015,00:45,12-May-2015,01:00,Maharashtra,Navi Mumbai,Airoli, Navi Mumbai - MPCB,0.03,5.8,,,,79.18,,,,,23.86,9.9,,,25.27,2.85,,,,,,,,,,,,,22.66,29.78,,,,,,,,,
12-May-2015,01:00,12-May-2015,01:15,Maharashtra,Navi Mumbai,Airoli, Navi Mumbai - MPCB,,,,,,79.64,,,,,14.53,8.04,,,25.55,2.84,,,,,,,,,,,,,22.06,29.89,,,,,,,,,
12-May-2015,01:15,12-May-2015,01:30,Maharashtra,Navi Mumbai,Airoli, Navi Mumbai - MPCB,,,,,,80.71,,,,,20.12,9.16,,,25.51,2.83,,,,,,,,,,,,,21.89,29.66,,,,,,,,,
12-May-2015,01:30,12-May-2015,01:45,Maharashtra,Navi Mumbai,Airoli, Navi Mumbai - MPCB,,,,,,81.44,,,,,48.99,14.93,,,25.62,2.85,,,,,,,,,,,,,22.51,29.54,,,,,,,,,
12-May-2015,01:45,12-May-2015,02:00,Maharashtra,Navi Mumbai,Airoli, Navi Mumbai - MPCB,,,,,,81.74,,,,,55.11,16.15,,,25.75,2.87,,,,,,,,,,,,,21.46,29.46,,,,,,,,,
12-May-2015,02:00,12-May-2015,02:15,Maharashtra,Navi Mumbai,Airoli, Navi Mumbai - MPCB,0.01,149.0,,,,81.67,,,,,64.9,18.11,,,25.8,2.86,,,,,,,,,,,,,21.89,29.33,,,,,,,,,
12-May-2015,02:15,12-May-2015,02:30,Maharashtra,Navi Mumbai,Airoli, Navi Mumbai - MPCB,0.05,4.75,,,,81.42,,,,,60.38,17.21,,,25.76,2.87,,,,,,,,,,,,,21.35,29.32,,,,,,,,,
12-May-2015,02:30,12-May-2015,02:45,Maharashtra,Navi Mumbai,Airoli, Navi Mumbai - MPCB,,,,,,81.69,,,,,73.14,19.76,,,25.54,2.83,,,,,,,,,,,,,21.5,29.34,,,,,,,,,
12-May-2015,02:45,12-May-2015,03:00,Maharashtra,Navi Mumbai,Airoli, Navi Mumbai - MPCB,0.03,276.35,,,,82.18,,,,,83.22,21.78,,,25.68,2.85,,,,,,,,,,,,,21.55,29.39,,,,,,,,,
12-May-2015,03:00,12-May-2015,03:15,Maharashtra,Navi Mumbai,Airoli, Navi Mumbai - MPCB,0.2,327.77,,,,81.02,,,,,85.03,22.14,,,25.62,2.91,,,,,,,,,,,,,21.41,29.72,,,,,,,,,
12-May-2015,03:15,12-May-2015,03:30,Maharashtra,Navi Mumbai,Airoli, Navi Mumbai - MPCB,0.06,242.68,,,,80.28,,,,,91.48,23.43,,,25.82,2.89,,,,,,,,,,,,,21.51,29.8,,,,,,,,,
12-May-2015,03:30,12-May-2015,03:45,Maharashtra,Navi Mumbai,Airoli, Navi Mumbai - MPCB,0.18,254.53,,,,80.56,,,,,83.88,21.91,,,25.72,2.84,,,,,,,,,,,,,21.39,29.77,,,,,,,,,
12-May-2015,03:45,12-May-2015,04:00,Maharashtra,Navi Mumbai,Airoli, Navi Mumbai - MPCB,0.09,226.46,,,,80.48,,,,,94.63,24.06,,,25.84,2.9,,,,,,,,,,,,,21.34,29.77,,,,,,,,,
12-May-2015,04:00,12-May-2015,04:15,Maharashtra,Navi Mumbai,Airoli, Navi Mumbai - MPCB,0.14,248.45,,,,80.3,,,,,86.23,22.38,,,26.03,2.86,,,,,,,,,,,,,21.21,29.8,,,,,,,,,
12-May-2015,04:15,12-May-2015,04:30,Maharashtra,Navi Mumbai,Airoli, Navi Mumbai - MPCB,0.21,284.04,,,,79.79,,,,,79.93,21.12,,,25.95,2.85,,,,,,,,,,,,,20.66,29.82,,,,,,,,,
12-May-2015,04:30,12-May-2015,04:45,Maharashtra,Navi Mumbai,Airoli, Navi Mumbai - MPCB,0.25,250.54,,,,79.17,,,,,71.76,19.48,,,25.88,2.84,,,,,,,,,,,,,21.39,29.75,,,,,,,,,
12-May-2015,04:45,12-May-2015,05:00,Maharashtra,Navi Mumbai,Airoli, Navi Mumbai - MPCB,0.26,246.4,,,,78.99,,,,,70.05,19.14,,,26.0,2.85,,,,,,,,,,,,,21.02,29.68,,,,,,,,,
12-May-2015,05:00,12-May-2015,05:15,Maharashtra,Navi Mumbai,Airoli, Navi Mumbai - MPCB,,,,,,79.17,,,,,73.5,19.83,,,25.88,2.88,,,,,,,,,,,,,20.67,29.52,,,,,,,,,
12-May-2015,05:15,12-May-2015,05:30,Maharashtra,Navi Mumbai,Airoli, Navi Mumbai - MPCB,0.1,247.23,,,,79.59,,,,,78.88,20.91,,,25.85,2.87,,,,,,,,,,,,,20.83,29.55,,,,,,,,,
12-May-2015,05:30,12-May-2015,05:45,Maharashtra,Navi Mumbai,Airoli, Navi Mumbai - MPCB,0.14,276.02,,,,79.7,,,,,74.12,19.96,,,25.6,2.86,,,,,,,,,,,,,20.74,29.55,,,,,,,,,
12-May-2015,05:45,12-May-2015,06:00,Maharashtra,Navi Mumbai,Airoli, Navi Mumbai - MPCB,,,,,,80.3,,,,,80.97,21.33,,,25.81,2.85,,,,,,,,,,,,,21.58,29.37,,,,,,,,,
12-May-2015,06:00,12-May-2015,06:15,Maharashtra,Navi Mumbai,Airoli, Navi Mumbai - MPCB,,,,,,80.82,,,,,109.25,26.98,,,25.99,2.9,,,,,,,,,,,,,22.13,29.15,,,,,,,,,
12-May-2015,06:15,12-May-2015,06:30,Maharashtra,Navi Mumbai,Airoli, Navi Mumbai - MPCB,,,,,,81.46,,,,,136.17,32.37,,,26.01,2.9,,,,,,,,,,,,,22.55,29.11,,,,,,,,,
12-May-2015,06:30,12-May-2015,06:45,Maharashtra,Navi Mumbai,Airoli, Navi Mumbai - MPCB,,,,,,81.63,0.13,,,,164.38,38.01,,,25.84,2.92,,,,,,,,,,,,,22.73,29.17,,,,,,,,,
12-May-2015,06:45,12-May-2015,07:00,Maharashtra,Navi Mumbai,Airoli, Navi Mumbai - MPCB,,,,,,81.22,6.29,,,,175.43,40.22,,,25.67,2.92,,,,,,,,,,,,,22.49,29.07,,,,,,,,,
12-May-2015,07:00,12-May-2015,07:15,Maharashtra,Navi Mumbai,Airoli, Navi Mumbai - MPCB,0.01,115.0,,,,80.07,31.7,,,,191.81,43.49,,,25.56,2.93,,,,,,,,,,,,,23.1,29.23,,,,,,,,,
12-May-2015,07:15,12-May-2015,07:30,Maharashtra,Navi Mumbai,Airoli, Navi Mumbai - MPCB,,,,,,78.11,73.61,,,,189.42,43.02,,,25.11,3.0,,,,,,,,,,,,,23.34,29.61,,,,,,,,,
12-May-2015,07:30,12-May-2015,07:45,Maharashtra,Navi Mumbai,Airoli, Navi Mumbai - MPCB,0.0,42.0,,,,76.12,112.37,,,,168.56,38.84,,,25.11,2.96,,,,,,,,,,,,,23.01,30.09,,,,,,,,,
12-May-2015,07:45,12-May-2015,08:00,Maharashtra,Navi Mumbai,Airoli, Navi Mumbai - MPCB,0.1,90.24,,,,74.39,173.71,,,,150.87,35.31,,,24.76,2.93,,,,,,,,,,,,,23.78,30.65,,,,,,,,,
12-May-2015,08:00,12-May-2015,08:15,Maharashtra,Navi Mumbai,Airoli, Navi Mumbai - MPCB,0.06,141.52,,,,72.89,160.69,,,,122.4,29.61,,,25.16,2.97,,,,,,,,,,,,,22.54,30.87,,,,,,,,,
12-May-2015,08:15,12-May-2015,08:30,Maharashtra,Navi Mumbai,Airoli, Navi Mumbai - MPCB,0.05,76.82,,,,72.53,134.18,,,,112.33,27.6,,,25.02,2.93,,,,,,,,,,,,,22.58,30.9,,,,,,,,,
12-May-2015,08:30,12-May-2015,08:45,Maharashtra,Navi Mumbai,Airoli, Navi Mumbai - MPCB,0.1,58.26,,,,71.89,129.29,,,,98.12,24.76,,,24.96,2.96,,,,,,,,,,,,,22.58,30.9,,,,,,,,,
12-May-2015,08:45,12-May-2015,09:00,Maharashtra,Navi Mumbai,Airoli, Navi Mumbai - MPCB,0.09,69.31,,,,70.56,115.45,,,,112.73,27.68,,,24.82,2.95,,,,,,,,,,,,,23.05,31.21,,,,,,,,,
12-May-2015,09:00,12-May-2015,09:15,Maharashtra,Navi Mumbai,Airoli, Navi Mumbai - MPCB,0.08,57.61,,,,69.91,101.61,,,,107.14,26.56,,,24.84,2.96,,,,,,,,,,,,,22.64,31.22,,,,,,,,,
12-May-2015,09:15,12-May-2015,09:30,Maharashtra,Navi Mumbai,Airoli, Navi Mumbai - MPCB,0.01,183.0,,,,68.68,117.66,,,,97.36,24.6,,,24.81,2.97,,,,,,,,,,,,,22.17,31.31,,,,,,,,,
12-May-2015,09:30,12-May-2015,09:45,Maharashtra,Navi Mumbai,Airoli, Navi Mumbai - MPCB,0.06,357.58,,,,67.38,155.84,,,,97.96,24.72,,,24.76,2.96,,,,,,,,,,,,,22.31,31.64,,,,,,,,,
12-May-2015,09:45,12-May-2015,10:00,Maharashtra,Navi Mumbai,Airoli, Navi Mumbai - MPCB,0.09,235.4,,,,65.92,268.48,,,,116.82,28.5,,,24.76,2.94,,,,,,,,,,,,,22.3,31.85,,,,,,,,,
12-May-2015,10:00,12-May-2015,10:15,Maharashtra,Navi Mumbai,Airoli, Navi Mumbai - MPCB,0.18,284.84,,,,63.31,311.01,,,,131.42,31.42,,,24.83,2.94,,,,,,,,,,,,,22.07,32.33,,,,,,,,,
12-May-2015,10:15,12-May-2015,10:30,Maharashtra,Navi Mumbai,Airoli, Navi Mumbai - MPCB,0.1,209.05,,,,62.8,209.41,,,,117.07,28.55,,,24.93,2.98,,,,,,,,,,,,,21.86,32.32,,,,,,,,,
12-May-2015,10:30,12-May-2015,10:45,Maharashtra,Navi Mumbai,Airoli, Navi Mumbai - MPCB,0.07,225.5,,,,60.14,316.4,,,,102.0,25.53,,,24.93,2.54,,,,,,,,,,,,,21.61,32.74,,,,,,,,,
12-May-2015,10:45,12-May-2015,11:00,Maharashtra,Navi Mumbai,Airoli, Navi Mumbai - MPCB,0.03,82.41,,,,56.55,462.03,,,,82.24,21.58,,,24.99,1.79,,,,,,,,,,,,,21.36,33.7,,,,,,,,,
12-May-2015,11:00,12-May-2015,11:15,Maharashtra,Navi Mumbai,Airoli, Navi Mumbai - MPCB,0.02,94.02,,,,53.31,565.97,,,,76.95,20.52,,,24.86,1.8,,,,,,,,,,,,,21.72,34.65,,,,,,,,,
12-May-2015,11:15,12-May-2015,11:30,Maharashtra,Navi Mumbai,Airoli, Navi Mumbai - MPCB,0.17,265.43,,,,50.94,609.7,,,,81.22,21.38,,,24.89,1.83,,,,,,,,,,,,,21.07,35.13,,,,,,,,,
12-May-2015,11:30,12-May-2015,11:45,Maharashtra,Navi Mumbai,Airoli, Navi Mumbai - MPCB,0.12,27.27,,,,48.82,625.51,,,,105.16,26.16,,,24.75,1.8,,,,,,,,,,,,,20.96,35.53,,,,,,,,,
12-May-2015,11:45,12-May-2015,12:00,Maharashtra,Navi Mumbai,Airoli, Navi Mumbai - MPCB,0.06,226.99,,,,46.59,646.62,,,,111.52,27.44,,,25.04,1.84,,,,,,,,,,,,,21.41,36.06,,,,,,,,,
12-May-2015,12:00,12-May-2015,12:15,Maharashtra,Navi Mumbai,Airoli, Navi Mumbai - MPCB,0.31,257.21,,,,47.01,657.62,,,,162.85,37.7,,,24.86,1.78,,,,,,,,,,,,,23.27,35.93,,,,,,,,,
12-May-2015,12:15,12-May-2015,12:30,Maharashtra,Navi Mumbai,Airoli, Navi Mumbai - MPCB,0.14,312.39,,,,47.62,658.44,,,,251.78,55.49,,,24.68,1.77,,,,,,,,,,,,,28.97,36.41,,,,,,,,,
12-May-2015,12:30,12-May-2015,12:45,Maharashtra,Navi Mumbai,Airoli, Navi Mumbai - MPCB,0.11,225.61,,,,48.44,678.04,,,,231.47,51.43,,,24.92,1.75,,,,,,,,,,,,,28.54,36.23,,,,,,,,,
12-May-2015,12:45,12-May-2015,13:00,Maharashtra,Navi Mumbai,Airoli, Navi Mumbai - MPCB,0.16,307.03,,,,51.4,675.88,,,,101.51,25.43,,,25.42,1.73,,,,,,,,,,,,,28.32,36.63,,,,,,,,,
12-May-2015,13:00,12-May-2015,13:15,Maharashtra,Navi Mumbai,Airoli, Navi Mumbai - MPCB,0.13,181.29,,,,53.4,656.45,,,,0.75,1.24,,,25.25,1.75,,,,,,,,,,,,,27.98,36.36,,,,,,,,,
12-May-2015,13:15,12-May-2015,13:30,Maharashtra,Navi Mumbai,Airoli, Navi Mumbai - MPCB,0.11,255.11,,,,53.77,648.07,,,,1.98,3.02,,,25.49,1.76,,,,,,,,,,,,,27.02,36.4,,,,,,,,,
12-May-2015,13:30,12-May-2015,13:45,Maharashtra,Navi Mumbai,Airoli, Navi Mumbai - MPCB,0.48,279.55,,,,54.98,618.61,,,,20.76,9.28,,,25.58,1.75,,,,,,,,,,,,,27.74,36.17,,,,,,,,,
12-May-2015,13:45,12-May-2015,14:00,Maharashtra,Navi Mumbai,Airoli, Navi Mumbai - MPCB,0.72,238.35,,,,55.01,549.0,,,,29.29,10.99,,,25.64,1.77,,,,,,,,,,,,,27.12,36.17,,,,,,,,,
12-May-2015,14:00,12-May-2015,14:15,Maharashtra,Navi Mumbai,Airoli, Navi Mumbai - MPCB,0.39,242.96,,,,53.9,540.75,,,,11.02,7.34,,,25.57,1.72,,,,,,,,,,,,,27.92,36.39,,,,,,,,,
12-May-2015,14:15,12-May-2015,14:30,Maharashtra,Navi Mumbai,Airoli, Navi Mumbai - MPCB,0.82,251.63,,,,54.64,507.23,,,,18.97,8.93,,,25.55,1.77,,,,,,,,,,,,,27.64,36.23,,,,,,,,,
12-May-2015,14:30,12-May-2015,14:45,Maharashtra,Navi Mumbai,Airoli, Navi Mumbai - MPCB,1.05,272.41,,,,54.75,399.98,,,,25.33,10.2,,,25.65,1.76,,,,,,,,,,,,,27.44,35.91,,,,,,,,,
12-May-2015,14:45,12-May-2015,15:00,Maharashtra,Navi Mumbai,Airoli, Navi Mumbai - MPCB,0.85,256.29,,,,54.97,321.59,,,,47.63,14.66,,,25.69,1.73,,,,,,,,,,,,,27.19,35.94,,,,,,,,,
12-May-2015,15:00,12-May-2015,15:15,Maharashtra,Navi Mumbai,Airoli, Navi Mumbai - MPCB,0.7,295.94,,,,53.06,188.66,,,,66.8,18.49,,,26.08,1.77,,,,,,,,,,,,,27.08,36.25,,,,,,,,,
12-May-2015,15:15,12-May-2015,15:30,Maharashtra,Navi Mumbai,Airoli, Navi Mumbai - MPCB,1.1,252.0,,,,56.17,160.54,,,,103.81,25.89,,,25.84,1.77,,,,,,,,,,,,,27.86,35.59,,,,,,,,,
12-May-2015,15:30,12-May-2015,15:45,Maharashtra,Navi Mumbai,Airoli, Navi Mumbai - MPCB,0.48,236.49,,,,55.97,113.18,,,,106.95,26.52,,,26.09,1.75,,,,,,,,,,,,,27.17,35.65,,,,,,,,,
12-May-2015,15:45,12-May-2015,16:00,Maharashtra,Navi Mumbai,Airoli, Navi Mumbai - MPCB,0.32,201.07,,,,55.15,101.93,,,,104.64,26.06,,,25.67,1.77,,,,,,,,,,,,,27.56,35.58,,,,,,,,,
12-May-2015,16:00,12-May-2015,16:15,Maharashtra,Navi Mumbai,Airoli, Navi Mumbai - MPCB,0.21,264.26,,,,56.38,85.77,,,,98.56,24.84,,,25.76,1.77,,,,,,,,,,,,,26.53,35.24,,,,,,,,,
12-May-2015,16:15,12-May-2015,16:30,Maharashtra,Navi Mumbai,Airoli, Navi Mumbai - MPCB,0.24,316.28,,,,56.95,78.41,,,,71.78,19.49,,,25.91,1.78,,,,,,,,,,,,,27.35,35.07,,,,,,,,,
12-May-2015,16:30,12-May-2015,16:45,Maharashtra,Navi Mumbai,Airoli, Navi Mumbai - MPCB,0.13,157.26,,,,57.5,122.26,,,,57.08,16.55,,,25.67,1.76,,,,,,,,,,,,,26.56,34.7,,,,,,,,,
12-May-2015,16:45,12-May-2015,17:00,Maharashtra,Navi Mumbai,Airoli, Navi Mumbai - MPCB,0.11,256.38,,,,58.18,103.7,,,,59.01,16.93,,,25.5,1.75,,,,,,,,,,,,,27.24,34.44,,,,,,,,,
12-May-2015,17:00,12-May-2015,17:15,Maharashtra,Navi Mumbai,Airoli, Navi Mumbai - MPCB,0.29,211.09,,,,59.01,60.58,,,,103.42,25.82,,,25.68,1.76,,,,,,,,,,,,,27.05,34.27,,,,,,,,,
12-May-2015,17:15,12-May-2015,17:30,Maharashtra,Navi Mumbai,Airoli, Navi Mumbai - MPCB,0.1,24.42,,,,59.39,41.23,,,,116.92,28.52,,,26.13,1.75,,,,,,,,,,,,,26.71,34.18,,,,,,,,,
12-May-2015,17:30,12-May-2015,17:45,Maharashtra,Navi Mumbai,Airoli, Navi Mumbai - MPCB,0.27,273.55,,,,60.55,35.3,,,,121.79,29.49,,,25.97,1.74,,,,,,,,,,,,,26.87,33.77,,,,,,,,,
12-May-2015,17:45,12-May-2015,18:00,Maharashtra,Navi Mumbai,Airoli, Navi Mumbai - MPCB,0.32,218.16,,,,61.44,27.19,,,,108.19,26.77,,,25.83,1.75,,,,,,,,,,,,,26.46,33.64,,,,,,,,,
12-May-2015,18:00,12-May-2015,18:15,Maharashtra,Navi Mumbai,Airoli, Navi Mumbai - MPCB,0.24,276.39,,,,63.03,20.3,,,,95.65,24.26,,,25.87,1.74,,,,,,,,,,,,,26.93,33.1,,,,,,,,,
12-May-2015,18:15,12-May-2015,18:30,Maharashtra,Navi Mumbai,Airoli, Navi Mumbai - MPCB,0.16,186.25,,,,64.26,9.77,,,,93.35,23.8,,,25.84,1.76,,,,,,,,,,,,,26.81,32.89,,,,,,,,,
12-May-2015,18:30,12-May-2015,18:45,Maharashtra,Navi Mumbai,Airoli, Navi Mumbai - MPCB,0.15,212.23,,,,64.71,2.48,,,,119.92,29.12,,,26.02,1.75,,,,,,,,,,,,,27.17,32.47,,,,,,,,,
12-May-2015,18:45,12-May-2015,19:00,Maharashtra,Navi Mumbai,Airoli, Navi Mumbai - MPCB,0.04,340.17,,,,65.22,,,,,135.56,32.24,,,26.01,1.8,,,,,,,,,,,,,28.02,32.27,,,,,,,,,
12-May-2015,19:00,12-May-2015,19:15,Maharashtra,Navi Mumbai,Airoli, Navi Mumbai - MPCB,0.23,204.56,,,,66.09,,,,,138.38,32.81,,,25.89,1.76,,,,,,,,,,,,,28.74,31.97,,,,,,,,,
12-May-2015,19:15,12-May-2015,19:30,Maharashtra,Navi Mumbai,Airoli, Navi Mumbai - MPCB,0.06,224.05,,,,67.25,,,,,127.74,30.68,,,25.69,1.83,,,,,,,,,,,,,28.24,31.53,,,,,,,,,
12-May-2015,19:30,12-May-2015,19:45,Maharashtra,Navi Mumbai,Airoli, Navi Mumbai - MPCB,0.04,147.37,,,,68.48,,,,,133.02,31.74,,,25.63,1.81,,,,,,,,,,,,,29.17,31.24,,,,,,,,,
12-May-2015,19:45,12-May-2015,20:00,Maharashtra,Navi Mumbai,Airoli, Navi Mumbai - MPCB,0.1,195.3,,,,69.3,,,,,134.4,32.01,,,25.4,1.81,,,,,,,,,,,,,29.4,31.04,,,,,,,,,
12-May-2015,20:00,12-May-2015,20:15,Maharashtra,Navi Mumbai,Airoli, Navi Mumbai - MPCB,,,,,,70.33,,,,,140.34,33.2,,,25.17,1.85,,,,,,,,,,,,,29.39,30.88,,,,,,,,,
12-May-2015,20:15,12-May-2015,20:30,Maharashtra,Navi Mumbai,Airoli, Navi Mumbai - MPCB,0.01,111.5,,,,71.65,,,,,147.1,34.55,,,25.25,1.85,,,,,,,,,,,,,29.0,30.73,,,,,,,,,
12-May-2015,20:30,12-May-2015,20:45,Maharashtra,Navi Mumbai,Airoli, Navi Mumbai - MPCB,0.05,124.63,,,,72.99,,,,,141.79,33.49,,,25.06,1.85,,,,,,,,,,,,,28.89,30.38,,,,,,,,,
12-May-2015,20:45,12-May-2015,21:00,Maharashtra,Navi Mumbai,Airoli, Navi Mumbai - MPCB,0.06,307.37,,,,73.3,,,,,122.15,29.56,,,25.13,1.86,,,,,,,,,,,,,28.91,30.38,,,,,,,,,
12-May-2015,21:00,12-May-2015,21:15,Maharashtra,Navi Mumbai,Airoli, Navi Mumbai - MPCB,0.06,301.55,,,,72.28,,,,,112.13,27.56,,,25.21,1.86,,,,,,,,,,,,,29.0,30.55,,,,,,,,,
12-May-2015,21:15,12-May-2015,21:30,Maharashtra,Navi Mumbai,Airoli, Navi Mumbai - MPCB,0.06,354.27,,,,72.32,,,,,116.19,28.37,,,24.86,1.85,,,,,,,,,,,,,28.93,30.55,,,,,,,,,
12-May-2015,21:30,12-May-2015,21:45,Maharashtra,Navi Mumbai,Airoli, Navi Mumbai - MPCB,0.23,229.59,,,,73.05,,,,,138.4,32.81,,,25.04,1.85,,,,,,,,,,,,,29.66,30.52,,,,,,,,,
12-May-2015,21:45,12-May-2015,22:00,Maharashtra,Navi Mumbai,Airoli, Navi Mumbai - MPCB,0.02,252.68,,,,74.36,,,,,140.22,33.18,,,25.28,1.86,,,,,,,,,,,,,28.63,30.32,,,,,,,,,
12-May-2015,22:00,12-May-2015,22:15,Maharashtra,Navi Mumbai,Airoli, Navi Mumbai - MPCB,0.03,150.0,,,,75.15,,,,,130.66,31.26,,,25.07,1.87,,,,,,,,,,,,,28.78,30.12,,,,,,,,,
12-May-2015,22:15,12-May-2015,22:30,Maharashtra,Navi Mumbai,Airoli, Navi Mumbai - MPCB,0.05,149.0,,,,75.8,,,,,96.44,24.42,,,25.01,1.87,,,,,,,,,,,,,28.77,30.08,,,,,,,,,
12-May-2015,22:30,12-May-2015,22:45,Maharashtra,Navi Mumbai,Airoli, Navi Mumbai - MPCB,,,,,,76.59,,,,,89.34,23.0,,,24.98,1.88,,,,,,,,,,,,,28.09,29.89,,,,,,,,,
12-May-2015,22:45,12-May-2015,23:00,Maharashtra,Navi Mumbai,Airoli, Navi Mumbai - MPCB,,,,,,77.42,,,,,93.57,23.85,,,25.0,1.83,,,,,,,,,,,,,27.88,29.9,,,,,,,,,
12-May-2015,23:00,12-May-2015,23:15,Maharashtra,Navi Mumbai,Airoli, Navi Mumbai - MPCB,,,,,,77.73,,,,,101.77,25.49,,,25.06,1.86,,,,,,,,,,,,,27.95,29.69,,,,,,,,,
12-May-2015,23:15,12-May-2015,23:30,Maharashtra,Navi Mumbai,Airoli, Navi Mumbai - MPCB,,,,,,77.55,,,,,93.82,23.9,,,25.1,1.87,,,,,,,,,,,,,28.35,29.7,,,,,,,,,
12-May-2015,23:30,12-May-2015,23:45,Maharashtra,Navi Mumbai,Airoli, Navi Mumbai - MPCB,,,,,,78.1,,,,,82.51,21.63,,,25.1,1.87,,,,,,,,,,,,,28.0,29.83,,,,,,,,,
12-May-2015,23:45,13-May-2015,00:00,Maharashtra,Navi Mumbai,Airoli, Navi Mumbai - MPCB,,,,,,78.54,,,,,78.99,20.93,,,25.26,1.87,,,,,,,,,,,,,28.15,29.63,,,,,,,,,
13-May-2015,00:00,13-May-2015,00:15,Maharashtra,Navi Mumbai,Airoli, Navi Mumbai - MPCB,,,,,,78.78,,,,,83.7,21.87,,,25.16,1.85,,,,,,,,,,,,,28.47,29.33,,,,,,,,,
13-May-2015,00:15,13-May-2015,00:30,Maharashtra,Navi Mumbai,Airoli, Navi Mumbai - MPCB,0.02,90.78,,,,79.2,,,,,96.95,24.52,,,24.89,1.83,,,,,,,,,,,,,28.34,29.27,,,,,,,,,
13-May-2015,00:30,13-May-2015,00:45,Maharashtra,Navi Mumbai,Airoli, Navi Mumbai - MPCB,0.01,22.09,,,,78.86,,,,,72.25,19.58,,,25.08,1.82,,,,,,,,,,,,,27.98,29.45,,,,,,,,,
13-May-2015,00:45,13-May-2015,01:00,Maharashtra,Navi Mumbai,Airoli, Navi Mumbai - MPCB,0.03,199.0,,,,78.22,,,,,37.43,12.62,,,25.05,1.82,,,,,,,,,,,,,26.19,29.59,,,,,,,,,
13-May-2015,01:00,13-May-2015,01:15,Maharashtra,Navi Mumbai,Airoli, Navi Mumbai - MPCB,,,,,,78.42,,,,,9.41,7.01,,,25.19,1.81,,,,,,,,,,,,,25.8,29.81,,,,,,,,,
13-May-2015,01:15,13-May-2015,01:30,Maharashtra,Navi Mumbai,Airoli, Navi Mumbai - MPCB,,,,,,78.82,,,,,6.96,6.51,,,25.26,1.81,,,,,,,,,,,,,25.45,29.5,,,,,,,,,
13-May-2015,01:30,13-May-2015,01:45,Maharashtra,Navi Mumbai,Airoli, Navi Mumbai - MPCB,,,,,,79.49,,,,,0.01,4.45,,,25.35,1.84,,,,,,,,,,,,,25.97,29.34,,,,,,,,,
13-May-2015,01:45,13-May-2015,02:00,Maharashtra,Navi Mumbai,Airoli, Navi Mumbai - MPCB,,,,,,79.97,,,,,15.05,8.14,,,25.68,1.83,,,,,,,,,,,,,25.58,29.22,,,,,,,,,
13-May-2015,02:00,13-May-2015,02:15,Maharashtra,Navi Mumbai,Airoli, Navi Mumbai - MPCB,,,,,,80.61,,,,,21.13,9.36,,,25.66,1.82,,,,,,,,,,,,,25.45,29.2,,,,,,,,,
13-May-2015,02:15,13-May-2015,02:30,Maharashtra,Navi Mumbai,Airoli, Navi Mumbai - MPCB,,,,,,80.82,,,,,33.63,11.86,,,25.74,1.81,,,,,,,,,,,,,24.73,29.11,,,,,,,,,
13-May-2015,02:30,13-May-2015,02:45,Maharashtra,Navi Mumbai,Airoli, Navi Mumbai - MPCB,,,,,,80.92,,,,,23.86,9.9,,,25.71,1.78,,,,,,,,,,,,,25.3,29.1,,,,,,,,,
13-May-2015,02:45,13-May-2015,03:00,Maharashtra,Navi Mumbai,Airoli, Navi Mumbai - MPCB,,,,,,81.13,,,,,30.19,11.17,,,25.93,1.8,,,,,,,,,,,,,25.45,29.06,,,,,,,,,
13-May-2015,03:00,13-May-2015,03:15,Maharashtra,Navi Mumbai,Airoli, Navi Mumbai - MPCB,,,,,,81.41,,,,,29.51,11.03,,,25.73,1.82,,,,,,,,,,,,,25.03,28.98,,,,,,,,,
13-May-2015,03:15,13-May-2015,03:30,Maharashtra,Navi Mumbai,Airoli, Navi Mumbai - MPCB,,,,,,81.35,,,,,34.39,12.01,,,25.82,1.82,,,,,,,,,,,,,25.35,28.9,,,,,,,,,
13-May-2015,03:30,13-May-2015,03:45,Maharashtra,Navi Mumbai,Airoli, Navi Mumbai - MPCB,,,,,,81.33,,,,,41.5,13.43,,,25.77,1.79,,,,,,,,,,,,,25.25,28.91,,,,,,,,,
13-May-2015,03:45,13-May-2015,04:00,Maharashtra,Navi Mumbai,Airoli, Navi Mumbai - MPCB,,,,,,81.24,,,,,55.51,16.23,,,25.95,1.79,,,,,,,,,,,,,25.28,28.86,,,,,,,,,
13-May-2015,04:00,13-May-2015,04:15,Maharashtra,Navi Mumbai,Airoli, Navi Mumbai - MPCB,,,,,,81.48,,,,,63.55,17.84,,,25.71,1.8,,,,,,,,,,,,,25.05,28.96,,,,,,,,,
13-May-2015,04:15,13-May-2015,04:30,Maharashtra,Navi Mumbai,Airoli, Navi Mumbai - MPCB,,,,,,82.25,,,,,82.74,21.68,,,25.74,1.81,,,,,,,,,,,,,25.63,29.0,,,,,,,,,
13-May-2015,04:30,13-May-2015,04:45,Maharashtra,Navi Mumbai,Airoli, Navi Mumbai - MPCB,,,,,,82.62,,,,,97.02,24.54,,,25.83,1.84,,,,,,,,,,,,,25.55,28.57,,,,,,,,,
13-May-2015,04:45,13-May-2015,05:00,Maharashtra,Navi Mumbai,Airoli, Navi Mumbai - MPCB,,,,,,83.08,,,,,90.38,23.21,,,25.92,1.81,,,,,,,,,,,,,25.45,28.5,,,,,,,,,
13-May-2015,05:00,13-May-2015,05:15,Maharashtra,Navi Mumbai,Airoli, Navi Mumbai - MPCB,,,,,,83.38,,,,,73.34,19.8,,,25.7,1.81,,,,,,,,,,,,,25.73,28.46,,,,,,,,,
13-May-2015,05:15,13-May-2015,05:30,Maharashtra,Navi Mumbai,Airoli, Navi Mumbai - MPCB,,,,,,83.64,,,,,75.6,20.25,,,25.9,1.81,,,,,,,,,,,,,25.37,28.39,,,,,,,,,
13-May-2015,05:30,13-May-2015,05:45,Maharashtra,Navi Mumbai,Airoli, Navi Mumbai - MPCB,,,,,,83.98,,,,,95.58,24.25,,,25.94,1.81,,,,,,,,,,,,,25.47,28.32,,,,,,,,,
13-May-2015,05:45,13-May-2015,06:00,Maharashtra,Navi Mumbai,Airoli, Navi Mumbai - MPCB,,,,,,84.14,,,,,119.75,29.08,,,25.71,1.85,,,,,,,,,,,,,25.83,28.29,,,,,,,,,
13-May-2015,06:00,13-May-2015,06:15,Maharashtra,Navi Mumbai,Airoli, Navi Mumbai - MPCB,,,,,,84.31,,,,,100.1,25.15,,,25.86,1.8,,,,,,,,,,,,,25.28,28.26,,,,,,,,,
13-May-2015,06:15,13-May-2015,06:30,Maharashtra,Navi Mumbai,Airoli, Navi Mumbai - MPCB,,,,,,84.65,,,,,102.03,25.54,,,25.82,1.76,,,,,,,,,,,,,25.78,28.48,,,,,,,,,
13-May-2015,06:30,13-May-2015,06:45,Maharashtra,Navi Mumbai,Airoli, Navi Mumbai - MPCB,,,,,,84.07,,,,,117.6,28.65,,,25.74,1.77,,,,,,,,,,,,,25.73,28.41,,,,,,,,,
13-May-2015,06:45,13-May-2015,07:00,Maharashtra,Navi Mumbai,Airoli, Navi Mumbai - MPCB,,,,,,83.07,7.24,,,,154.86,36.1,,,26.07,1.74,,,,,,,,,,,,,25.45,28.74,,,,,,,,,
13-May-2015,07:00,13-May-2015,07:15,Maharashtra,Navi Mumbai,Airoli, Navi Mumbai - MPCB,0.01,6.0,,,,81.66,29.2,,,,166.7,38.47,,,25.8,1.77,,,,,,,,,,,,,26.35,28.97,,,,,,,,,
13-May-2015,07:15,13-May-2015,07:30,Maharashtra,Navi Mumbai,Airoli, Navi Mumbai - MPCB,0.07,173.18,,,,79.9,36.39,,,,182.52,41.64,,,25.87,1.77,,,,,,,,,,,,,27.17,29.3,,,,,,,,,
13-May-2015,07:30,13-May-2015,07:45,Maharashtra,Navi Mumbai,Airoli, Navi Mumbai - MPCB,,,,,,78.58,74.5,,,,186.35,42.4,,,25.81,1.79,,,,,,,,,,,,,27.75,29.68,,,,,,,,,
13-May-2015,07:45,13-May-2015,08:00,Maharashtra,Navi Mumbai,Airoli, Navi Mumbai - MPCB,0.01,345.78,,,,76.8,111.0,,,,177.89,40.71,,,25.72,1.85,,,,,,,,,,,,,28.33,29.91,,,,,,,,,
13-May-2015,08:00,13-May-2015,08:15,Maharashtra,Navi Mumbai,Airoli, Navi Mumbai - MPCB,0.07,27.11,,,,74.68,183.68,,,,168.73,38.88,,,25.75,1.83,,,,,,,,,,,,,28.37,30.3,,,,,,,,,
13-May-2015,08:15,13-May-2015,08:30,Maharashtra,Navi Mumbai,Airoli, Navi Mumbai - MPCB,0.08,327.89,,,,73.55,225.55,,,,170.31,39.19,,,25.35,1.85,,,,,,,,,,,,,28.36,30.44,,,,,,,,,
13-May-2015,08:30,13-May-2015,08:45,Maharashtra,Navi Mumbai,Airoli, Navi Mumbai - MPCB,0.12,301.93,,,,71.75,245.78,,,,175.39,40.21,,,25.5,1.83,,,,,,,,,,,,,29.01,30.8,,,,,,,,,
13-May-2015,08:45,13-May-2015,09:00,Maharashtra,Navi Mumbai,Airoli, Navi Mumbai - MPCB,0.2,245.84,,,,71.05,339.52,,,,158.66,36.86,,,25.05,1.85,,,,,,,,,,,,,28.8,30.85,,,,,,,,,
13-May-2015,09:00,13-May-2015,09:15,Maharashtra,Navi Mumbai,Airoli, Navi Mumbai - MPCB,0.13,188.74,,,,68.1,383.38,,,,151.31,35.39,,,25.02,1.82,,,,,,,,,,,,,28.81,31.44,,,,,,,,,
13-May-2015,09:15,13-May-2015,09:30,Maharashtra,Navi Mumbai,Airoli, Navi Mumbai - MPCB,0.17,243.88,,,,63.04,429.18,,,,122.6,29.65,,,25.2,1.85,,,,,,,,,,,,,28.88,31.98,,,,,,,,,
13-May-2015,09:30,13-May-2015,09:45,Maharashtra,Navi Mumbai,Airoli, Navi Mumbai - MPCB,0.14,280.57,,,,60.76,436.34,,,,80.4,21.21,,,24.92,1.86,,,,,,,,,,,,,28.56,32.38,,,,,,,,,
13-May-2015,09:45,13-May-2015,10:00,Maharashtra,Navi Mumbai,Airoli, Navi Mumbai - MPCB,0.14,12.42,,,,61.67,478.6,,,,79.53,21.04,,,25.11,1.86,,,,,,,,,,,,,28.99,32.53,,,,,,,,,
13-May-2015,10:00,13-May-2015,10:15,Maharashtra,Navi Mumbai,Airoli, Navi Mumbai - MPCB,0.21,269.45,,,,62.48,355.71,,,,109.43,27.02,,,24.76,1.85,,,,,,,,,,,,,29.27,32.84,,,,,,,,,
13-May-2015,10:15,13-May-2015,10:30,Maharashtra,Navi Mumbai,Airoli, Navi Mumbai - MPCB,0.46,260.59,,,,64.61,517.57,,,,142.78,33.69,,,24.88,1.84,,,,,,,,,,,,,29.01,32.26,,,,,,,,,
13-May-2015,10:30,13-May-2015,10:45,Maharashtra,Navi Mumbai,Airoli, Navi Mumbai - MPCB,0.11,284.54,,,,61.89,482.99,,,,123.86,29.9,,,24.94,1.86,,,,,,,,,,,,,28.5,33.27,,,,,,,,,
13-May-2015,10:45,13-May-2015,11:00,Maharashtra,Navi Mumbai,Airoli, Navi Mumbai - MPCB,0.37,267.7,,,,62.13,506.76,,,,103.49,25.83,,,24.63,1.85,,,,,,,,,,,,,27.97,32.75,,,,,,,,,
13-May-2015,11:00,13-May-2015,11:15,Maharashtra,Navi Mumbai,Airoli, Navi Mumbai - MPCB,0.14,243.42,,,,61.87,511.63,,,,78.64,20.86,,,24.78,1.84,,,,,,,,,,,,,28.65,33.04,,,,,,,,,
13-May-2015,11:15,13-May-2015,11:30,Maharashtra,Navi Mumbai,Airoli, Navi Mumbai - MPCB,0.27,234.13,,,,58.87,605.24,,,,64.55,18.04,,,24.93,1.85,,,,,,,,,,,,,28.2,33.54,,,,,,,,,
13-May-2015,11:30,13-May-2015,11:45,Maharashtra,Navi Mumbai,Airoli, Navi Mumbai - MPCB,0.42,279.29,,,,57.57,676.73,,,,64.94,18.12,,,24.98,1.87,,,,,,,,,,,,,28.62,33.95,,,,,,,,,
13-May-2015,11:45,13-May-2015,12:00,Maharashtra,Navi Mumbai,Airoli, Navi Mumbai - MPCB,0.42,271.54,,,,57.14,528.65,,,,81.78,21.49,,,24.74,1.85,,,,,,,,,,,,,28.27,34.09,,,,,,,,,
13-May-2015,12:00,13-May-2015,12:15,Maharashtra,Navi Mumbai,Airoli, Navi Mumbai - MPCB,0.5,218.67,,,,55.07,609.1,,,,130.15,31.16,,,24.86,1.83,,,,,,,,,,,,,27.95,34.52,,,,,,,,,
13-May-2015,12:15,13-May-2015,12:30,Maharashtra,Navi Mumbai,Airoli, Navi Mumbai - MPCB,0.61,303.58,,,,55.27,664.77,,,,111.58,27.45,,,24.99,1.88,,,,,,,,,,,,,28.01,34.64,,,,,,,,,
13-May-2015,12:30,13-May-2015,12:45,Maharashtra,Navi Mumbai,Airoli, Navi Mumbai - MPCB,0.53,252.73,,,,54.74,619.53,,,,80.47,21.23,,,25.03,1.85,,,,,,,,,,,,,27.96,34.54,,,,,,,,,
13-May-2015,12:45,13-May-2015,13:00,Maharashtra,Navi Mumbai,Airoli, Navi Mumbai - MPCB,0.89,248.13,,,,53.27,637.31,,,,32.57,11.65,,,24.93,1.84,,,,,,,,,,,,,27.8,34.78,,,,,,,,,
13-May-2015,13:00,13-May-2015,13:15,Maharashtra,Navi Mumbai,Airoli, Navi Mumbai - MPCB,0.68,256.42,,,,52.53,617.06,,,,59.56,17.04,,,25.06,1.86,,,,,,,,,,,,,27.85,34.98,,,,,,,,,
13-May-2015,13:15,13-May-2015,13:30,Maharashtra,Navi Mumbai,Airoli, Navi Mumbai - MPCB,0.52,288.64,,,,52.01,519.09,,,,106.26,26.38,,,24.75,1.8,,,,,,,,,,,,,26.0,35.27,,,,,,,,,
13-May-2015,13:30,13-May-2015,13:45,Maharashtra,Navi Mumbai,Airoli, Navi Mumbai - MPCB,0.48,259.09,,,,51.01,629.19,,,,152.63,35.66,,,25.22,1.81,,,,,,,,,,,,,25.85,35.64,,,,,,,,,
13-May-2015,13:45,13-May-2015,14:00,Maharashtra,Navi Mumbai,Airoli, Navi Mumbai - MPCB,0.5,239.77,,,,50.95,545.14,,,,111.48,27.43,,,25.11,1.78,,,,,,,,,,,,,25.05,35.42,,,,,,,,,
13-May-2015,14:00,13-May-2015,14:15,Maharashtra,Navi Mumbai,Airoli, Navi Mumbai - MPCB,0.56,251.42,,,,50.46,550.2,,,,21.03,7.89,,,25.33,1.75,,,,,,,,,,,,,24.84,35.6,,,,,,,,,
13-May-2015,14:15,13-May-2015,14:30,Maharashtra,Navi Mumbai,Airoli, Navi Mumbai - MPCB,0.61,222.02,,,,50.15,568.08,,,,,,,,25.39,1.83,,,,,,,,,,,,,25.39,35.52,,,,,,,,,
13-May-2015,14:30,13-May-2015,14:45,Maharashtra,Navi Mumbai,Airoli, Navi Mumbai - MPCB,0.73,209.96,,,,49.36,425.54,,,,,,,,25.6,1.8,,,,,,,,,,,,,24.63,35.66,,,,,,,,,
13-May-2015,14:45,13-May-2015,15:00,Maharashtra,Navi Mumbai,Airoli, Navi Mumbai - MPCB,0.97,250.32,,,,50.13,355.96,,,,6.34,4.79,,,25.74,1.82,,,,,,,,,,,,,24.76,35.52,,,,,,,,,
13-May-2015,15:00,13-May-2015,15:15,Maharashtra,Navi Mumbai,Airoli, Navi Mumbai - MPCB,1.11,240.68,,,,50.59,237.21,,,,38.58,12.85,,,25.68,1.78,,,,,,,,,,,,,25.12,35.28,,,,,,,,,
13-May-2015,15:15,13-May-2015,15:30,Maharashtra,Navi Mumbai,Airoli, Navi Mumbai - MPCB,0.56,281.54,,,,49.18,186.52,,,,50.56,15.24,,,25.5,1.81,,,,,,,,,,,,,25.15,35.23,,,,,,,,,
13-May-2015,15:30,13-May-2015,15:45,Maharashtra,Navi Mumbai,Airoli, Navi Mumbai - MPCB,0.84,222.14,,,,48.8,174.16,,,,32.75,11.68,,,25.65,1.84,,,,,,,,,,,,,24.53,35.31,,,,,,,,,
13-May-2015,15:45,13-May-2015,16:00,Maharashtra,Navi Mumbai,Airoli, Navi Mumbai - MPCB,0.4,282.91,,,,49.69,150.82,,,,42.39,13.61,,,25.78,1.83,,,,,,,,,,,,,24.99,35.22,,,,,,,,,
13-May-2015,16:00,13-May-2015,16:15,Maharashtra,Navi Mumbai,Airoli, Navi Mumbai - MPCB,0.07,314.42,,,,47.42,119.24,,,,57.79,16.69,,,25.62,1.83,,,,,,,,,,,,,25.03,35.49,,,,,,,,,
13-May-2015,16:15,13-May-2015,16:30,Maharashtra,Navi Mumbai,Airoli, Navi Mumbai - MPCB,0.59,242.74,,,,50.7,113.99,,,,78.9,20.91,,,25.7,1.8,,,,,,,,,,,,,25.04,35.05,,,,,,,,,
13-May-2015,16:30,13-May-2015,16:45,Maharashtra,Navi Mumbai,Airoli, Navi Mumbai - MPCB,0.38,289.16,,,,53.62,114.86,,,,87.51,22.63,,,25.58,1.82,,,,,,,,,,,,,24.53,34.49,,,,,,,,,
13-May-2015,16:45,13-May-2015,17:00,Maharashtra,Navi Mumbai,Airoli, Navi Mumbai - MPCB,0.33,191.58,,,,55.66,109.46,,,,114.32,28.0,,,25.9,1.81,,,,,,,,,,,,,24.85,34.14,,,,,,,,,
13-May-2015,17:00,13-May-2015,17:15,Maharashtra,Navi Mumbai,Airoli, Navi Mumbai - MPCB,0.51,240.65,,,,57.57,69.18,,,,118.21,28.77,,,25.88,1.8,,,,,,,,,,,,,24.67,33.72,,,,,,,,,
13-May-2015,17:15,13-May-2015,17:30,Maharashtra,Navi Mumbai,Airoli, Navi Mumbai - MPCB,0.64,275.07,,,,59.75,46.84,,,,116.02,28.34,,,25.66,1.84,,,,,,,,,,,,,24.43,33.39,,,,,,,,,
13-May-2015,17:30,13-May-2015,17:45,Maharashtra,Navi Mumbai,Airoli, Navi Mumbai - MPCB,0.32,228.76,,,,60.26,37.26,,,,108.97,26.93,,,25.98,1.81,,,,,,,,,,,,,24.4,33.22,,,,,,,,,
13-May-2015,17:45,13-May-2015,18:00,Maharashtra,Navi Mumbai,Airoli, Navi Mumbai - MPCB,0.2,217.64,,,,59.94,31.64,,,,114.39,28.01,,,25.78,1.84,,,,,,,,,,,,,24.68,33.13,,,,,,,,,
13-May-2015,18:00,13-May-2015,18:15,Maharashtra,Navi Mumbai,Airoli, Navi Mumbai - MPCB,0.0,278.68,,,,60.11,22.92,,,,104.15,25.96,,,25.86,1.82,,,,,,,,,,,,,24.56,32.96,,,,,,,,,
13-May-2015,18:15,13-May-2015,18:30,Maharashtra,Navi Mumbai,Airoli, Navi Mumbai - MPCB,0.07,303.23,,,,61.86,12.25,,,,96.22,24.38,,,25.75,1.84,,,,,,,,,,,,,24.79,32.62,,,,,,,,,
13-May-2015,18:30,13-May-2015,18:45,Maharashtra,Navi Mumbai,Airoli, Navi Mumbai - MPCB,0.04,252.4,,,,62.76,4.44,,,,79.77,21.09,,,25.97,1.83,,,,,,,,,,,,,24.82,32.39,,,,,,,,,
13-May-2015,18:45,13-May-2015,19:00,Maharashtra,Navi Mumbai,Airoli, Navi Mumbai - MPCB,0.09,11.19,,,,64.31,0.06,,,,87.64,22.66,,,25.85,1.79,,,,,,,,,,,,,24.79,32.02,,,,,,,,,
13-May-2015,19:00,13-May-2015,19:15,Maharashtra,Navi Mumbai,Airoli, Navi Mumbai - MPCB,0.07,337.15,,,,65.39,,,,,90.28,23.19,,,26.01,1.85,,,,,,,,,,,,,24.58,31.75,,,,,,,,,
13-May-2015,19:15,13-May-2015,19:30,Maharashtra,Navi Mumbai,Airoli, Navi Mumbai - MPCB,,,,,,66.15,,,,,87.05,22.54,,,25.65,1.86,,,,,,,,,,,,,25.36,31.61,,,,,,,,,
13-May-2015,19:30,13-May-2015,19:45,Maharashtra,Navi Mumbai,Airoli, Navi Mumbai - MPCB,0.21,190.72,,,,67.61,,,,,79.93,21.12,,,26.08,1.86,,,,,,,,,,,,,24.64,31.57,,,,,,,,,
13-May-2015,19:45,13-May-2015,20:00,Maharashtra,Navi Mumbai,Airoli, Navi Mumbai - MPCB,0.06,209.57,,,,69.18,,,,,110.26,27.18,,,25.89,1.83,,,,,,,,,,,,,25.43,31.25,,,,,,,,,
13-May-2015,20:00,13-May-2015,20:15,Maharashtra,Navi Mumbai,Airoli, Navi Mumbai - MPCB,0.11,214.62,,,,69.36,,,,,136.5,32.43,,,26.07,1.87,,,,,,,,,,,,,25.87,31.04,,,,,,,,,
13-May-2015,20:15,13-May-2015,20:30,Maharashtra,Navi Mumbai,Airoli, Navi Mumbai - MPCB,0.05,343.08,,,,69.61,,,,,149.42,35.02,,,25.91,1.87,,,,,,,,,,,,,26.46,30.95,,,,,,,,,
13-May-2015,20:30,13-May-2015,20:45,Maharashtra,Navi Mumbai,Airoli, Navi Mumbai - MPCB,0.3,241.8,,,,69.99,,,,,140.41,33.21,,,25.82,1.91,,,,,,,,,,,,,26.55,31.08,,,,,,,,,
13-May-2015,20:45,13-May-2015,21:00,Maharashtra,Navi Mumbai,Airoli, Navi Mumbai - MPCB,0.13,247.67,,,,70.31,,,,,139.93,33.12,,,25.8,1.9,,,,,,,,,,,,,26.82,30.92,,,,,,,,,
13-May-2015,21:00,13-May-2015,21:15,Maharashtra,Navi Mumbai,Airoli, Navi Mumbai - MPCB,,,,,,71.01,,,,,152.72,35.68,,,25.49,1.92,,,,,,,,,,,,,26.94,30.9,,,,,,,,,
13-May-2015,21:15,13-May-2015,21:30,Maharashtra,Navi Mumbai,Airoli, Navi Mumbai - MPCB,,,,,,71.58,,,,,146.52,34.44,,,25.31,1.91,,,,,,,,,,,,,26.79,30.65,,,,,,,,,
13-May-2015,21:30,13-May-2015,21:45,Maharashtra,Navi Mumbai,Airoli, Navi Mumbai - MPCB,,,,,,71.18,,,,,112.54,27.64,,,24.99,1.9,,,,,,,,,,,,,26.89,30.5,,,,,,,,,
13-May-2015,21:45,13-May-2015,22:00,Maharashtra,Navi Mumbai,Airoli, Navi Mumbai - MPCB,0.01,65.0,,,,70.96,,,,,97.87,24.71,,,24.9,1.9,,,,,,,,,,,,,27.16,30.57,,,,,,,,,
13-May-2015,22:00,13-May-2015,22:15,Maharashtra,Navi Mumbai,Airoli, Navi Mumbai - MPCB,0.01,61.0,,,,70.82,,,,,116.23,28.38,,,25.27,1.92,,,,,,,,,,,,,27.29,30.63,,,,,,,,,
13-May-2015,22:15,13-May-2015,22:30,Maharashtra,Navi Mumbai,Airoli, Navi Mumbai - MPCB,0.03,71.0,,,,71.07,,,,,137.25,32.58,,,25.12,1.88,,,,,,,,,,,,,26.61,30.65,,,,,,,,,
13-May-2015,22:30,13-May-2015,22:45,Maharashtra,Navi Mumbai,Airoli, Navi Mumbai - MPCB,,,,,,71.15,,,,,130.2,31.17,,,25.16,1.91,,,,,,,,,,,,,27.26,30.76,,,,,,,,,
13-May-2015,22:45,13-May-2015,23:00,Maharashtra,Navi Mumbai,Airoli, Navi Mumbai - MPCB,0.03,63.26,,,,70.8,,,,,128.54,30.84,,,25.17,1.92,,,,,,,,,,,,,27.13,30.6,,,,,,,,,
13-May-2015,23:00,13-May-2015,23:15,Maharashtra,Navi Mumbai,Airoli, Navi Mumbai - MPCB,0.06,43.82,,,,70.67,,,,,115.27,28.19,,,24.86,1.9,,,,,,,,,,,,,27.12,30.53,,,,,,,,,
13-May-2015,23:15,13-May-2015,23:30,Maharashtra,Navi Mumbai,Airoli, Navi Mumbai - MPCB,0.31,49.05,,,,66.05,,,,,91.57,23.45,,,25.07,1.94,,,,,,,,,,,,,26.55,30.35,,,,,,,,,
13-May-2015,23:30,13-May-2015,23:45,Maharashtra,Navi Mumbai,Airoli, Navi Mumbai - MPCB,0.46,88.21,,,,59.73,,,,,25.08,10.1,,,24.96,1.92,,,,,,,,,,,,,26.26,30.26,,,,,,,,,
13-May-2015,23:45,14-May-2015,00:00,Maharashtra,Navi Mumbai,Airoli, Navi Mumbai - MPCB,0.15,86.02,,,,60.16,,,,,,0.91,,,24.97,1.94,,,,,,,,,,,,,26.24,30.2,,,,,,,,,
14-May-2015,00:00,14-May-2015,00:15,Maharashtra,Navi Mumbai,Airoli, Navi Mumbai - MPCB,0.14,53.39,,,,60.83,,,,,0.48,2.21,,,25.06,1.91,,,,,,,,,,,,,26.0,30.07,,,,,,,,,
14-May-2015,00:15,14-May-2015,00:30,Maharashtra,Navi Mumbai,Airoli, Navi Mumbai - MPCB,0.48,29.56,,,,59.67,,,,,37.05,12.54,,,25.34,1.91,,,,,,,,,,,,,26.15,30.09,,,,,,,,,
14-May-2015,00:30,14-May-2015,00:45,Maharashtra,Navi Mumbai,Airoli, Navi Mumbai - MPCB,0.11,41.91,,,,60.18,,,,,54.75,16.08,,,25.08,1.91,,,,,,,,,,,,,25.92,30.05,,,,,,,,,
14-May-2015,00:45,14-May-2015,01:00,Maharashtra,Navi Mumbai,Airoli, Navi Mumbai - MPCB,0.1,66.58,,,,60.61,,,,,68.36,18.8,,,24.96,1.92,,,,,,,,,,,,,26.49,30.09,,,,,,,,,
14-May-2015,01:00,14-May-2015,01:15,Maharashtra,Navi Mumbai,Airoli, Navi Mumbai - MPCB,0.05,11.07,,,,60.9,,,,,92.64,23.66,,,24.72,1.91,,,,,,,,,,,,,25.34,29.92,,,,,,,,,
14-May-2015,01:15,14-May-2015,01:30,Maharashtra,Navi Mumbai,Airoli, Navi Mumbai - MPCB,0.04,35.67,,,,61.23,,,,,105.81,26.29,,,24.77,1.92,,,,,,,,,,,,,26.09,29.82,,,,,,,,,
14-May-2015,01:30,14-May-2015,01:45,Maharashtra,Navi Mumbai,Airoli, Navi Mumbai - MPCB,0.1,38.18,,,,61.17,,,,,72.52,19.64,,,24.89,1.91,,,,,,,,,,,,,25.93,29.77,,,,,,,,,
14-May-2015,01:45,14-May-2015,02:00,Maharashtra,Navi Mumbai,Airoli, Navi Mumbai - MPCB,0.09,42.08,,,,60.92,,,,,71.8,19.49,,,24.93,1.92,,,,,,,,,,,,,25.42,29.65,,,,,,,,,
14-May-2015,02:00,14-May-2015,02:15,Maharashtra,Navi Mumbai,Airoli, Navi Mumbai - MPCB,0.31,39.44,,,,62.5,,,,,71.91,19.51,,,24.99,1.88,,,,,,,,,,,,,24.29,29.82,,,,,,,,,
14-May-2015,02:15,14-May-2015,02:30,Maharashtra,Navi Mumbai,Airoli, Navi Mumbai - MPCB,0.08,30.13,,,,64.39,,,,,71.01,19.33,,,25.04,1.86,,,,,,,,,,,,,23.9,29.8,,,,,,,,,
14-May-2015,02:30,14-May-2015,02:45,Maharashtra,Navi Mumbai,Airoli, Navi Mumbai - MPCB,0.2,85.03,,,,63.53,,,,,43.2,13.77,,,25.17,1.82,,,,,,,,,,,,,24.01,29.76,,,,,,,,,
14-May-2015,02:45,14-May-2015,03:00,Maharashtra,Navi Mumbai,Airoli, Navi Mumbai - MPCB,0.08,52.86,,,,63.42,,,,,36.03,12.34,,,25.26,1.86,,,,,,,,,,,,,24.13,29.92,,,,,,,,,
14-May-2015,03:00,14-May-2015,03:15,Maharashtra,Navi Mumbai,Airoli, Navi Mumbai - MPCB,0.08,47.1,,,,64.27,,,,,52.92,15.72,,,25.53,1.85,,,,,,,,,,,,,23.37,29.88,,,,,,,,,
14-May-2015,03:15,14-May-2015,03:30,Maharashtra,Navi Mumbai,Airoli, Navi Mumbai - MPCB,0.12,51.1,,,,65.64,,,,,55.49,16.23,,,25.92,1.85,,,,,,,,,,,,,23.38,29.96,,,,,,,,,
14-May-2015,03:30,14-May-2015,03:45,Maharashtra,Navi Mumbai,Airoli, Navi Mumbai - MPCB,,,,,,65.95,,,,,54.9,16.11,,,25.54,1.87,,,,,,,,,,,,,23.17,30.02,,,,,,,,,
14-May-2015,03:45,14-May-2015,04:00,Maharashtra,Navi Mumbai,Airoli, Navi Mumbai - MPCB,,,,,,66.31,,,,,32.67,11.67,,,25.91,1.88,,,,,,,,,,,,,23.67,29.94,,,,,,,,,
14-May-2015,04:00,14-May-2015,04:15,Maharashtra,Navi Mumbai,Airoli, Navi Mumbai - MPCB,,,,,,68.0,,,,,44.23,13.98,,,25.88,1.86,,,,,,,,,,,,,23.83,30.0,,,,,,,,,
14-May-2015,04:15,14-May-2015,04:30,Maharashtra,Navi Mumbai,Airoli, Navi Mumbai - MPCB,0.01,63.0,,,,68.76,,,,,81.81,21.49,,,25.9,1.87,,,,,,,,,,,,,24.24,29.63,,,,,,,,,
14-May-2015,04:30,14-May-2015,04:45,Maharashtra,Navi Mumbai,Airoli, Navi Mumbai - MPCB,,,,,,69.15,,,,,116.39,28.41,,,25.84,1.89,,,,,,,,,,,,,23.95,29.74,,,,,,,,,
14-May-2015,04:45,14-May-2015,05:00,Maharashtra,Navi Mumbai,Airoli, Navi Mumbai - MPCB,,,,,,69.55,,,,,127.5,30.63,,,25.99,1.83,,,,,,,,,,,,,23.59,29.5,,,,,,,,,
14-May-2015,05:00,14-May-2015,05:15,Maharashtra,Navi Mumbai,Airoli, Navi Mumbai - MPCB,,,,,,69.34,,,,,110.45,27.22,,,25.84,1.77,,,,,,,,,,,,,23.06,29.49,,,,,,,,,
14-May-2015,05:15,14-May-2015,05:30,Maharashtra,Navi Mumbai,Airoli, Navi Mumbai - MPCB,,,,,,69.3,,,,,89.46,23.02,,,25.76,1.76,,,,,,,,,,,,,23.62,29.49,,,,,,,,,
14-May-2015,05:30,14-May-2015,05:45,Maharashtra,Navi Mumbai,Airoli, Navi Mumbai - MPCB,0.04,54.0,,,,71.15,,,,,97.75,24.68,,,25.82,1.79,,,,,,,,,,,,,23.05,29.53,,,,,,,,,
14-May-2015,05:45,14-May-2015,06:00,Maharashtra,Navi Mumbai,Airoli, Navi Mumbai - MPCB,,,,,,71.79,,,,,105.95,26.32,,,26.05,1.76,,,,,,,,,,,,,23.93,29.54,,,,,,,,,
14-May-2015,06:00,14-May-2015,06:15,Maharashtra,Navi Mumbai,Airoli, Navi Mumbai - MPCB,0.05,50.81,,,,69.94,,,,,100.68,25.27,,,26.03,1.79,,,,,,,,,,,,,23.48,29.39,,,,,,,,,
14-May-2015,06:15,14-May-2015,06:30,Maharashtra,Navi Mumbai,Airoli, Navi Mumbai - MPCB,0.11,64.5,,,,71.27,,,,,84.19,21.97,,,25.88,1.81,,,,,,,,,,,,,23.47,29.48,,,,,,,,,
14-May-2015,06:30,14-May-2015,06:45,Maharashtra,Navi Mumbai,Airoli, Navi Mumbai - MPCB,0.39,63.51,,,,69.28,,,,,85.75,22.28,,,26.07,1.78,,,,,,,,,,,,,23.43,29.4,,,,,,,,,
14-May-2015,06:45,14-May-2015,07:00,Maharashtra,Navi Mumbai,Airoli, Navi Mumbai - MPCB,0.31,45.64,,,,67.98,0.28,,,,93.79,23.89,,,25.84,1.78,,,,,,,,,,,,,23.24,29.63,,,,,,,,,
14-May-2015,07:00,14-May-2015,07:15,Maharashtra,Navi Mumbai,Airoli, Navi Mumbai - MPCB,0.36,50.19,,,,66.96,13.62,,,,110.49,27.23,,,25.92,1.76,,,,,,,,,,,,,23.48,29.72,,,,,,,,,
14-May-2015,07:15,14-May-2015,07:30,Maharashtra,Navi Mumbai,Airoli, Navi Mumbai - MPCB,0.02,70.0,,,,66.4,48.72,,,,119.03,28.94,,,25.67,1.77,,,,,,,,,,,,,24.19,30.06,,,,,,,,,
14-May-2015,07:30,14-May-2015,07:45,Maharashtra,Navi Mumbai,Airoli, Navi Mumbai - MPCB,0.18,61.73,,,,65.74,51.74,,,,121.28,29.39,,,25.83,1.78,,,,,,,,,,,,,23.89,30.35,,,,,,,,,
14-May-2015,07:45,14-May-2015,08:00,Maharashtra,Navi Mumbai,Airoli, Navi Mumbai - MPCB,0.22,46.18,,,,67.06,69.71,,,,111.4,27.41,,,25.92,1.8,,,,,,,,,,,,,23.64,30.63,,,,,,,,,
14-May-2015,08:00,14-May-2015,08:15,Maharashtra,Navi Mumbai,Airoli, Navi Mumbai - MPCB,0.06,69.14,,,,68.66,63.57,,,,126.22,30.38,,,25.85,1.76,,,,,,,,,,,,,23.89,30.63,,,,,,,,,
14-May-2015,08:15,14-May-2015,08:30,Maharashtra,Navi Mumbai,Airoli, Navi Mumbai - MPCB,0.07,43.94,,,,66.73,86.72,,,,145.6,34.25,,,26.05,1.79,,,,,,,,,,,,,24.43,30.82,,,,,,,,,
14-May-2015,08:30,14-May-2015,08:45,Maharashtra,Navi Mumbai,Airoli, Navi Mumbai - MPCB,,,,,,66.9,94.45,,,,153.35,35.8,,,25.92,1.82,,,,,,,,,,,,,25.76,31.08,,,,,,,,,
14-May-2015,08:45,14-May-2015,09:00,Maharashtra,Navi Mumbai,Airoli, Navi Mumbai - MPCB,0.28,53.74,,,,66.77,185.09,,,,151.69,35.47,,,26.15,1.83,,,,,,,,,,,,,25.8,31.25,,,,,,,,,
14-May-2015,09:00,14-May-2015,09:15,Maharashtra,Navi Mumbai,Airoli, Navi Mumbai - MPCB,0.15,48.01,,,,65.72,284.93,,,,167.08,38.55,,,25.65,1.85,,,,,,,,,,,,,26.47,31.5,,,,,,,,,
14-May-2015,09:15,14-May-2015,09:30,Maharashtra,Navi Mumbai,Airoli, Navi Mumbai - MPCB,0.13,18.76,,,,63.3,350.5,,,,184.79,42.09,,,25.64,1.87,,,,,,,,,,,,,26.24,32.3,,,,,,,,,
14-May-2015,09:30,14-May-2015,09:45,Maharashtra,Navi Mumbai,Airoli, Navi Mumbai - MPCB,0.05,6.75,,,,61.65,465.79,,,,185.54,42.24,,,25.6,1.85,,,,,,,,,,,,,25.97,32.99,,,,,,,,,
14-May-2015,09:45,14-May-2015,10:00,Maharashtra,Navi Mumbai,Airoli, Navi Mumbai - MPCB,0.48,43.1,,,,59.42,330.24,,,,161.05,37.34,,,25.52,1.88,,,,,,,,,,,,,26.3,33.13,,,,,,,,,
14-May-2015,10:00,14-May-2015,10:15,Maharashtra,Navi Mumbai,Airoli, Navi Mumbai - MPCB,0.31,23.09,,,,57.02,455.61,,,,132.13,31.56,,,25.13,1.86,,,,,,,,,,,,,26.6,33.39,,,,,,,,,
14-May-2015,10:15,14-May-2015,10:30,Maharashtra,Navi Mumbai,Airoli, Navi Mumbai - MPCB,0.21,54.57,,,,54.4,435.93,,,,107.22,26.58,,,25.22,1.84,,,,,,,,,,,,,26.64,34.02,,,,,,,,,
14-May-2015,10:30,14-May-2015,10:45,Maharashtra,Navi Mumbai,Airoli, Navi Mumbai - MPCB,0.1,32.91,,,,51.12,574.77,,,,99.04,24.94,,,24.91,1.88,,,,,,,,,,,,,26.24,34.56,,,,,,,,,
14-May-2015,10:45,14-May-2015,11:00,Maharashtra,Navi Mumbai,Airoli, Navi Mumbai - MPCB,0.0,64.06,,,,48.85,593.4,,,,96.29,24.39,,,24.96,1.87,,,,,,,,,,,,,26.39,35.3,,,,,,,,,
14-May-2015,11:00,14-May-2015,11:15,Maharashtra,Navi Mumbai,Airoli, Navi Mumbai - MPCB,0.15,66.53,,,,45.69,625.21,,,,102.93,25.72,,,24.83,1.84,,,,,,,,,,,,,26.19,36.05,,,,,,,,,
14-May-2015,11:15,14-May-2015,11:30,Maharashtra,Navi Mumbai,Airoli, Navi Mumbai - MPCB,0.3,39.49,,,,42.38,653.03,,,,106.94,26.52,,,25.06,1.86,,,,,,,,,,,,,26.66,36.69,,,,,,,,,
14-May-2015,11:30,14-May-2015,11:45,Maharashtra,Navi Mumbai,Airoli, Navi Mumbai - MPCB,0.05,139.21,,,,41.35,678.42,,,,90.38,23.21,,,24.86,1.89,,,,,,,,,,,,,26.55,36.95,,,,,,,,,
14-May-2015,11:45,14-May-2015,12:00,Maharashtra,Navi Mumbai,Airoli, Navi Mumbai - MPCB,0.02,148.24,,,,41.67,698.51,,,,53.61,15.85,,,25.09,1.86,,,,,,,,,,,,,25.88,36.7,,,,,,,,,
14-May-2015,12:00,14-May-2015,12:15,Maharashtra,Navi Mumbai,Airoli, Navi Mumbai - MPCB,0.12,236.15,,,,40.18,715.11,,,,31.92,11.52,,,24.77,1.86,,,,,,,,,,,,,26.23,37.23,,,,,,,,,
14-May-2015,12:15,14-May-2015,12:30,Maharashtra,Navi Mumbai,Airoli, Navi Mumbai - MPCB,0.48,249.67,,,,39.2,696.33,,,,43.23,13.78,,,25.04,1.89,,,,,,,,,,,,,26.02,37.4,,,,,,,,,
14-May-2015,12:30,14-May-2015,12:45,Maharashtra,Navi Mumbai,Airoli, Navi Mumbai - MPCB,0.42,266.79,,,,38.8,647.47,,,,59.89,17.11,,,24.97,1.89,,,,,,,,,,,,,26.51,37.06,,,,,,,,,
14-May-2015,12:45,14-May-2015,13:00,Maharashtra,Navi Mumbai,Airoli, Navi Mumbai - MPCB,0.51,238.25,,,,38.06,619.28,,,,70.01,19.13,,,24.78,1.87,,,,,,,,,,,,,25.25,37.0,,,,,,,,,
14-May-2015,13:00,14-May-2015,13:15,Maharashtra,Navi Mumbai,Airoli, Navi Mumbai - MPCB,0.04,355.18,,,,36.88,538.2,,,,64.05,17.94,,,25.04,1.85,,,,,,,,,,,,,26.45,37.97,,,,,,,,,
14-May-2015,13:15,14-May-2015,13:30,Maharashtra,Navi Mumbai,Airoli, Navi Mumbai - MPCB,0.18,225.26,,,,36.38,473.62,,,,51.08,15.35,,,24.98,1.84,,,,,,,,,,,,,25.82,38.38,,,,,,,,,
14-May-2015,13:30,14-May-2015,13:45,Maharashtra,Navi Mumbai,Airoli, Navi Mumbai - MPCB,0.68,243.54,,,,47.04,515.97,,,,58.52,16.84,,,24.92,1.83,,,,,,,,,,,,,25.29,37.39,,,,,,,,,
14-May-2015,13:45,14-May-2015,14:00,Maharashtra,Navi Mumbai,Airoli, Navi Mumbai - MPCB,0.96,242.69,,,,54.18,475.33,,,,152.51,35.63,,,24.96,1.84,,,,,,,,,,,,,25.24,36.07,,,,,,,,,
14-May-2015,14:00,14-May-2015,14:15,Maharashtra,Navi Mumbai,Airoli, Navi Mumbai - MPCB,0.76,202.97,,,,55.51,425.22,,,,239.65,53.06,,,25.25,1.83,,,,,,,,,,,,,25.9,35.61,,,,,,,,,
14-May-2015,14:15,14-May-2015,14:30,Maharashtra,Navi Mumbai,Airoli, Navi Mumbai - MPCB,0.84,226.48,,,,56.03,426.5,,,,249.11,54.95,,,25.25,1.85,,,,,,,,,,,,,25.37,35.44,,,,,,,,,
14-May-2015,14:30,14-May-2015,14:45,Maharashtra,Navi Mumbai,Airoli, Navi Mumbai - MPCB,1.02,272.14,,,,56.35,429.64,,,,168.15,38.76,,,24.92,1.81,,,,,,,,,,,,,23.93,35.34,,,,,,,,,
14-May-2015,14:45,14-May-2015,15:00,Maharashtra,Navi Mumbai,Airoli, Navi Mumbai - MPCB,1.1,247.11,,,,57.02,306.76,,,,88.55,22.84,,,25.36,1.81,,,,,,,,,,,,,23.23,35.19,,,,,,,,,
14-May-2015,15:00,14-May-2015,15:15,Maharashtra,Navi Mumbai,Airoli, Navi Mumbai - MPCB,0.81,236.96,,,,55.86,221.55,,,,22.27,9.59,,,25.31,1.82,,,,,,,,,,,,,23.27,35.15,,,,,,,,,
14-May-2015,15:15,14-May-2015,15:30,Maharashtra,Navi Mumbai,Airoli, Navi Mumbai - MPCB,0.65,250.46,,,,53.47,207.28,,,,0.06,2.87,,,25.49,1.79,,,,,,,,,,,,,23.18,35.17,,,,,,,,,
14-May-2015,15:30,14-May-2015,15:45,Maharashtra,Navi Mumbai,Airoli, Navi Mumbai - MPCB,0.89,235.55,,,,54.75,166.84,,,,,1.08,,,25.57,1.82,,,,,,,,,,,,,23.04,34.82,,,,,,,,,
14-May-2015,15:45,14-May-2015,16:00,Maharashtra,Navi Mumbai,Airoli, Navi Mumbai - MPCB,1.83,252.8,,,,56.05,160.76,,,,1.44,2.6,,,25.53,1.82,,,,,,,,,,,,,23.52,34.6,,,,,,,,,
14-May-2015,16:00,14-May-2015,16:15,Maharashtra,Navi Mumbai,Airoli, Navi Mumbai - MPCB,1.31,244.21,,,,57.64,175.72,,,,45.24,14.18,,,25.74,1.83,,,,,,,,,,,,,23.29,34.38,,,,,,,,,
14-May-2015,16:15,14-May-2015,16:30,Maharashtra,Navi Mumbai,Airoli, Navi Mumbai - MPCB,1.17,261.73,,,,58.16,120.29,,,,102.84,25.7,,,25.82,1.83,,,,,,,,,,,,,22.9,34.29,,,,,,,,,
14-May-2015,16:30,14-May-2015,16:45,Maharashtra,Navi Mumbai,Airoli, Navi Mumbai - MPCB,0.98,195.97,,,,58.14,118.8,,,,132.69,31.67,,,25.72,1.82,,,,,,,,,,,,,22.84,34.09,,,,,,,,,
14-May-2015,16:45,14-May-2015,17:00,Maharashtra,Navi Mumbai,Airoli, Navi Mumbai - MPCB,0.91,214.65,,,,59.14,118.69,,,,110.9,27.31,,,25.79,1.81,,,,,,,,,,,,,22.7,33.92,,,,,,,,,
14-May-2015,17:00,14-May-2015,17:15,Maharashtra,Navi Mumbai,Airoli, Navi Mumbai - MPCB,0.62,233.88,,,,59.8,75.49,,,,98.78,24.89,,,26.17,1.82,,,,,,,,,,,,,22.95,33.62,,,,,,,,,
14-May-2015,17:15,14-May-2015,17:30,Maharashtra,Navi Mumbai,Airoli, Navi Mumbai - MPCB,0.44,194.17,,,,60.56,57.94,,,,89.44,23.02,,,25.79,1.81,,,,,,,,,,,,,22.95,33.4,,,,,,,,,
14-May-2015,17:30,14-May-2015,17:45,Maharashtra,Navi Mumbai,Airoli, Navi Mumbai - MPCB,0.69,195.81,,,,62.17,61.61,,,,93.07,23.75,,,25.98,1.82,,,,,,,,,,,,,23.01,33.17,,,,,,,,,
14-May-2015,17:45,14-May-2015,18:00,Maharashtra,Navi Mumbai,Airoli, Navi Mumbai - MPCB,0.65,225.15,,,,62.89,56.73,,,,95.27,24.19,,,25.85,1.81,,,,,,,,,,,,,23.3,33.05,,,,,,,,,
14-May-2015,18:00,14-May-2015,18:15,Maharashtra,Navi Mumbai,Airoli, Navi Mumbai - MPCB,0.8,250.96,,,,62.88,36.81,,,,103.41,25.81,,,25.76,1.84,,,,,,,,,,,,,22.67,32.92,,,,,,,,,
14-May-2015,18:15,14-May-2015,18:30,Maharashtra,Navi Mumbai,Airoli, Navi Mumbai - MPCB,0.88,240.96,,,,65.64,16.52,,,,102.5,25.63,,,25.79,1.8,,,,,,,,,,,,,22.82,32.59,,,,,,,,,
14-May-2015,18:30,14-May-2015,18:45,Maharashtra,Navi Mumbai,Airoli, Navi Mumbai - MPCB,0.12,245.11,,,,67.87,4.29,,,,92.6,23.65,,,25.8,1.83,,,,,,,,,,,,,22.89,32.16,,,,,,,,,
14-May-2015,18:45,14-May-2015,19:00,Maharashtra,Navi Mumbai,Airoli, Navi Mumbai - MPCB,0.14,219.8,,,,68.87,,,,,95.37,24.21,,,26.09,1.79,,,,,,,,,,,,,22.9,31.98,,,,,,,,,
14-May-2015,19:00,14-May-2015,19:15,Maharashtra,Navi Mumbai,Airoli, Navi Mumbai - MPCB,0.31,189.15,,,,69.27,,,,,105.99,26.33,,,25.88,1.8,,,,,,,,,,,,,23.47,31.8,,,,,,,,,
14-May-2015,19:15,14-May-2015,19:30,Maharashtra,Navi Mumbai,Airoli, Navi Mumbai - MPCB,0.21,198.0,,,,69.7,,,,,118.06,28.74,,,25.95,1.8,,,,,,,,,,,,,23.64,31.63,,,,,,,,,
14-May-2015,19:30,14-May-2015,19:45,Maharashtra,Navi Mumbai,Airoli, Navi Mumbai - MPCB,0.0,150.0,,,,70.24,,,,,94.46,24.02,,,25.72,1.83,,,,,,,,,,,,,23.52,31.41,,,,,,,,,
14-May-2015,19:45,14-May-2015,20:00,Maharashtra,Navi Mumbai,Airoli, Navi Mumbai - MPCB,0.02,323.09,,,,70.81,,,,,74.01,19.93,,,25.69,1.85,,,,,,,,,,,,,23.35,31.22,,,,,,,,,
14-May-2015,20:00,14-May-2015,20:15,Maharashtra,Navi Mumbai,Airoli, Navi Mumbai - MPCB,0.07,305.11,,,,70.84,,,,,65.25,18.18,,,25.87,1.81,,,,,,,,,,,,,22.84,31.12,,,,,,,,,
14-May-2015,20:15,14-May-2015,20:30,Maharashtra,Navi Mumbai,Airoli, Navi Mumbai - MPCB,0.03,233.8,,,,70.79,,,,,86.31,22.39,,,25.94,1.79,,,,,,,,,,,,,22.72,31.22,,,,,,,,,
14-May-2015,20:30,14-May-2015,20:45,Maharashtra,Navi Mumbai,Airoli, Navi Mumbai - MPCB,0.06,7.23,,,,70.9,,,,,90.41,23.21,,,25.74,1.83,,,,,,,,,,,,,23.06,31.18,,,,,,,,,
14-May-2015,20:45,14-May-2015,21:00,Maharashtra,Navi Mumbai,Airoli, Navi Mumbai - MPCB,0.11,35.56,,,,70.36,,,,,97.38,24.61,,,25.72,1.78,,,,,,,,,,,,,23.75,31.24,,,,,,,,,
14-May-2015,21:00,14-May-2015,21:15,Maharashtra,Navi Mumbai,Airoli, Navi Mumbai - MPCB,0.14,131.93,,,,70.26,,,,,97.87,24.71,,,25.82,1.85,,,,,,,,,,,,,24.2,31.27,,,,,,,,,
14-May-2015,21:15,14-May-2015,21:30,Maharashtra,Navi Mumbai,Airoli, Navi Mumbai - MPCB,0.95,55.79,,,,69.74,,,,,115.02,28.14,,,25.98,1.84,,,,,,,,,,,,,24.03,31.27,,,,,,,,,
14-May-2015,21:30,14-May-2015,21:45,Maharashtra,Navi Mumbai,Airoli, Navi Mumbai - MPCB,1.38,60.42,,,,63.85,,,,,114.33,28.0,,,25.89,1.85,,,,,,,,,,,,,24.83,29.84,,,,,,,,,
14-May-2015,21:45,14-May-2015,22:00,Maharashtra,Navi Mumbai,Airoli, Navi Mumbai - MPCB,0.33,46.74,,,,63.2,,,,,90.94,23.32,,,25.69,1.83,,,,,,,,,,,,,24.77,29.58,,,,,,,,,
14-May-2015,22:00,14-May-2015,22:15,Maharashtra,Navi Mumbai,Airoli, Navi Mumbai - MPCB,0.15,221.07,,,,62.68,,,,,91.05,23.34,,,25.4,1.88,,,,,,,,,,,,,24.69,29.8,,,,,,,,,
14-May-2015,22:15,14-May-2015,22:30,Maharashtra,Navi Mumbai,Airoli, Navi Mumbai - MPCB,0.01,170.67,,,,62.06,,,,,114.14,27.96,,,25.51,1.86,,,,,,,,,,,,,25.23,29.81,,,,,,,,,
14-May-2015,22:30,14-May-2015,22:45,Maharashtra,Navi Mumbai,Airoli, Navi Mumbai - MPCB,0.11,136.37,,,,62.06,,,,,134.83,32.1,,,25.3,1.89,,,,,,,,,,,,,24.82,29.56,,,,,,,,,
14-May-2015,22:45,14-May-2015,23:00,Maharashtra,Navi Mumbai,Airoli, Navi Mumbai - MPCB,0.01,139.0,,,,62.83,,,,,129.32,31.0,,,25.08,1.88,,,,,,,,,,,,,25.3,29.61,,,,,,,,,
14-May-2015,23:00,14-May-2015,23:15,Maharashtra,Navi Mumbai,Airoli, Navi Mumbai - MPCB,0.35,59.67,,,,63.76,,,,,135.25,32.18,,,25.14,1.92,,,,,,,,,,,,,25.17,29.56,,,,,,,,,
14-May-2015,23:15,14-May-2015,23:30,Maharashtra,Navi Mumbai,Airoli, Navi Mumbai - MPCB,0.15,40.37,,,,64.5,,,,,166.8,38.49,,,25.17,1.88,,,,,,,,,,,,,24.93,29.35,,,,,,,,,
14-May-2015,23:30,14-May-2015,23:45,Maharashtra,Navi Mumbai,Airoli, Navi Mumbai - MPCB,0.46,47.22,,,,65.71,,,,,181.22,41.38,,,25.15,1.87,,,,,,,,,,,,,25.31,29.07,,,,,,,,,
14-May-2015,23:45,15-May-2015,00:00,Maharashtra,Navi Mumbai,Airoli, Navi Mumbai - MPCB,0.33,80.15,,,,66.02,,,,,162.19,37.57,,,24.8,1.88,,,,,,,,,,,,,24.85,29.04,,,,,,,,,
15-May-2015,00:00,15-May-2015,00:15,Maharashtra,Navi Mumbai,Airoli, Navi Mumbai - MPCB,0.09,53.25,,,,66.76,,,,,122.75,29.68,,,24.88,1.91,,,,,,,,,,,,,24.78,29.12,,,,,,,,,
15-May-2015,00:15,15-May-2015,00:30,Maharashtra,Navi Mumbai,Airoli, Navi Mumbai - MPCB,0.23,67.04,,,,66.27,,,,,115.41,28.21,,,25.11,1.9,,,,,,,,,,,,,24.77,29.14,,,,,,,,,
15-May-2015,00:30,15-May-2015,00:45,Maharashtra,Navi Mumbai,Airoli, Navi Mumbai - MPCB,0.47,51.84,,,,63.63,,,,,126.54,30.44,,,25.21,1.88,,,,,,,,,,,,,24.7,29.17,,,,,,,,,
15-May-2015,00:45,15-May-2015,01:00,Maharashtra,Navi Mumbai,Airoli, Navi Mumbai - MPCB,0.18,64.96,,,,64.5,,,,,100.99,25.33,,,24.86,1.89,,,,,,,,,,,,,24.73,29.09,,,,,,,,,
15-May-2015,01:00,15-May-2015,01:15,Maharashtra,Navi Mumbai,Airoli, Navi Mumbai - MPCB,0.06,59.79,,,,64.97,,,,,76.54,20.44,,,25.01,1.91,,,,,,,,,,,,,24.21,28.97,,,,,,,,,
15-May-2015,01:15,15-May-2015,01:30,Maharashtra,Navi Mumbai,Airoli, Navi Mumbai - MPCB,0.12,72.01,,,,64.38,,,,,80.55,21.24,,,24.92,1.9,,,,,,,,,,,,,24.69,28.9,,,,,,,,,
15-May-2015,01:30,15-May-2015,01:45,Maharashtra,Navi Mumbai,Airoli, Navi Mumbai - MPCB,0.01,53.0,,,,65.12,,,,,85.91,22.31,,,24.93,1.88,,,,,,,,,,,,,25.19,29.08,,,,,,,,,
15-May-2015,01:45,15-May-2015,02:00,Maharashtra,Navi Mumbai,Airoli, Navi Mumbai - MPCB,0.04,18.52,,,,65.91,,,,,71.55,19.44,,,24.97,1.9,,,,,,,,,,,,,24.85,29.27,,,,,,,,,
15-May-2015,02:00,15-May-2015,02:15,Maharashtra,Navi Mumbai,Airoli, Navi Mumbai - MPCB,,,,,,65.47,,,,,84.17,21.97,,,24.85,1.89,,,,,,,,,,,,,24.85,29.1,,,,,,,,,
15-May-2015,02:15,15-May-2015,02:30,Maharashtra,Navi Mumbai,Airoli, Navi Mumbai - MPCB,0.19,41.55,,,,66.27,,,,,89.98,23.13,,,24.88,1.89,,,,,,,,,,,,,25.11,28.94,,,,,,,,,
15-May-2015,02:30,15-May-2015,02:45,Maharashtra,Navi Mumbai,Airoli, Navi Mumbai - MPCB,0.06,30.11,,,,66.77,,,,,89.9,23.11,,,25.11,1.9,,,,,,,,,,,,,24.63,28.71,,,,,,,,,
15-May-2015,02:45,15-May-2015,03:00,Maharashtra,Navi Mumbai,Airoli, Navi Mumbai - MPCB,0.08,34.03,,,,66.97,,,,,69.62,19.06,,,25.03,1.9,,,,,,,,,,,,,24.64,28.64,,,,,,,,,
15-May-2015,03:00,15-May-2015,03:15,Maharashtra,Navi Mumbai,Airoli, Navi Mumbai - MPCB,0.12,49.75,,,,66.98,,,,,84.52,22.04,,,25.15,1.88,,,,,,,,,,,,,23.64,28.69,,,,,,,,,
15-May-2015,03:15,15-May-2015,03:30,Maharashtra,Navi Mumbai,Airoli, Navi Mumbai - MPCB,0.08,35.07,,,,68.41,,,,,76.04,20.34,,,25.1,1.87,,,,,,,,,,,,,23.68,28.6,,,,,,,,,
15-May-2015,03:30,15-May-2015,03:45,Maharashtra,Navi Mumbai,Airoli, Navi Mumbai - MPCB,0.13,31.29,,,,69.88,,,,,62.48,17.63,,,25.08,1.85,,,,,,,,,,,,,23.44,28.37,,,,,,,,,
15-May-2015,03:45,15-May-2015,04:00,Maharashtra,Navi Mumbai,Airoli, Navi Mumbai - MPCB,0.02,0.37,,,,70.26,,,,,52.9,15.71,,,25.23,1.85,,,,,,,,,,,,,22.57,28.27,,,,,,,,,
15-May-2015,04:00,15-May-2015,04:15,Maharashtra,Navi Mumbai,Airoli, Navi Mumbai - MPCB,0.06,45.0,,,,70.36,,,,,44.57,14.05,,,25.32,1.81,,,,,,,,,,,,,22.57,28.25,,,,,,,,,
15-May-2015,04:15,15-May-2015,04:30,Maharashtra,Navi Mumbai,Airoli, Navi Mumbai - MPCB,0.37,39.91,,,,68.35,,,,,41.48,13.43,,,25.6,1.84,,,,,,,,,,,,,22.93,28.25,,,,,,,,,
15-May-2015,04:30,15-May-2015,04:45,Maharashtra,Navi Mumbai,Airoli, Navi Mumbai - MPCB,0.21,40.43,,,,67.48,,,,,35.85,12.3,,,25.78,1.82,,,,,,,,,,,,,22.26,28.43,,,,,,,,,
15-May-2015,04:45,15-May-2015,05:00,Maharashtra,Navi Mumbai,Airoli, Navi Mumbai - MPCB,0.01,86.38,,,,67.45,,,,,42.71,13.67,,,25.58,1.82,,,,,,,,,,,,,22.01,28.42,,,,,,,,,
15-May-2015,05:00,15-May-2015,05:15,Maharashtra,Navi Mumbai,Airoli, Navi Mumbai - MPCB,0.1,20.7,,,,67.4,,,,,60.45,17.22,,,25.74,1.82,,,,,,,,,,,,,22.43,28.4,,,,,,,,,
15-May-2015,05:15,15-May-2015,05:30,Maharashtra,Navi Mumbai,Airoli, Navi Mumbai - MPCB,0.27,39.02,,,,67.45,,,,,67.51,18.63,,,26.08,1.82,,,,,,,,,,,,,22.61,28.41,,,,,,,,,
15-May-2015,05:30,15-May-2015,05:45,Maharashtra,Navi Mumbai,Airoli, Navi Mumbai - MPCB,0.16,37.58,,,,67.87,,,,,57.86,16.7,,,25.87,1.8,,,,,,,,,,,,,22.36,28.29,,,,,,,,,
15-May-2015,05:45,15-May-2015,06:00,Maharashtra,Navi Mumbai,Airoli, Navi Mumbai - MPCB,0.22,70.73,,,,68.51,,,,,68.12,18.76,,,25.83,1.84,,,,,,,,,,,,,22.71,28.31,,,,,,,,,
15-May-2015,06:00,15-May-2015,06:15,Maharashtra,Navi Mumbai,Airoli, Navi Mumbai - MPCB,0.21,42.53,,,,68.95,,,,,63.44,17.82,,,25.95,1.82,,,,,,,,,,,,,23.26,28.19,,,,,,,,,
15-May-2015,06:15,15-May-2015,06:30,Maharashtra,Navi Mumbai,Airoli, Navi Mumbai - MPCB,0.35,37.72,,,,69.16,,,,,61.72,17.48,,,26.08,1.83,,,,,,,,,,,,,22.91,28.25,,,,,,,,,
15-May-2015,06:30,15-May-2015,06:45,Maharashtra,Navi Mumbai,Airoli, Navi Mumbai - MPCB,0.36,48.43,,,,69.67,,,,,52.46,15.62,,,26.03,1.85,,,,,,,,,,,,,23.11,28.26,,,,,,,,,
15-May-2015,06:45,15-May-2015,07:00,Maharashtra,Navi Mumbai,Airoli, Navi Mumbai - MPCB,0.54,47.66,,,,69.75,13.21,,,,91.79,23.49,,,26.04,1.82,,,,,,,,,,,,,23.57,28.39,,,,,,,,,
15-May-2015,07:00,15-May-2015,07:15,Maharashtra,Navi Mumbai,Airoli, Navi Mumbai - MPCB,0.21,26.27,,,,69.09,58.27,,,,110.06,27.14,,,25.85,1.87,,,,,,,,,,,,,23.34,28.74,,,,,,,,,
15-May-2015,07:15,15-May-2015,07:30,Maharashtra,Navi Mumbai,Airoli, Navi Mumbai - MPCB,0.34,30.09,,,,68.14,76.96,,,,104.5,26.03,,,25.96,1.82,,,,,,,,,,,,,23.24,29.2,,,,,,,,,
15-May-2015,07:30,15-May-2015,07:45,Maharashtra,Navi Mumbai,Airoli, Navi Mumbai - MPCB,0.33,51.1,,,,67.82,128.12,,,,73.22,19.78,,,26.14,1.82,,,,,,,,,,,,,23.3,29.63,,,,,,,,,
15-May-2015,07:45,15-May-2015,08:00,Maharashtra,Navi Mumbai,Airoli, Navi Mumbai - MPCB,0.82,38.26,,,,68.1,151.61,,,,77.38,20.61,,,26.17,1.82,,,,,,,,,,,,,22.88,29.82,,,,,,,,,
15-May-2015,08:00,15-May-2015,08:15,Maharashtra,Navi Mumbai,Airoli, Navi Mumbai - MPCB,0.18,353.03,,,,68.3,153.88,,,,103.65,25.86,,,26.06,1.83,,,,,,,,,,,,,23.53,30.18,,,,,,,,,
15-May-2015,08:15,15-May-2015,08:30,Maharashtra,Navi Mumbai,Airoli, Navi Mumbai - MPCB,0.3,38.06,,,,68.0,279.76,,,,128.82,30.89,,,25.71,1.88,,,,,,,,,,,,,22.84,30.43,,,,,,,,,
15-May-2015,08:30,15-May-2015,08:45,Maharashtra,Navi Mumbai,Airoli, Navi Mumbai - MPCB,0.31,46.72,,,,66.6,380.67,,,,152.55,35.64,,,26.06,1.85,,,,,,,,,,,,,22.98,31.36,,,,,,,,,
15-May-2015,08:45,15-May-2015,09:00,Maharashtra,Navi Mumbai,Airoli, Navi Mumbai - MPCB,0.66,48.76,,,,66.12,336.27,,,,147.72,34.68,,,25.78,1.85,,,,,,,,,,,,,23.33,31.49,,,,,,,,,
15-May-2015,09:00,15-May-2015,09:15,Maharashtra,Navi Mumbai,Airoli, Navi Mumbai - MPCB,0.75,40.45,,,,66.17,459.94,,,,140.68,33.27,,,25.93,1.86,,,,,,,,,,,,,23.21,31.59,,,,,,,,,
15-May-2015,09:15,15-May-2015,09:30,Maharashtra,Navi Mumbai,Airoli, Navi Mumbai - MPCB,0.7,55.83,,,,65.81,371.6,,,,125.14,30.16,,,25.93,1.84,,,,,,,,,,,,,23.72,31.69,,,,,,,,,
15-May-2015,09:30,15-May-2015,09:45,Maharashtra,Navi Mumbai,Airoli, Navi Mumbai - MPCB,0.53,46.59,,,,62.62,505.4,,,,129.93,31.12,,,26.15,1.84,,,,,,,,,,,,,23.73,32.3,,,,,,,,,
15-May-2015,09:45,15-May-2015,10:00,Maharashtra,Navi Mumbai,Airoli, Navi Mumbai - MPCB,0.48,60.63,,,,59.49,528.93,,,,146.21,34.37,,,25.83,1.84,,,,,,,,,,,,,24.12,33.04,,,,,,,,,
15-May-2015,10:00,15-May-2015,10:15,Maharashtra,Navi Mumbai,Airoli, Navi Mumbai - MPCB,0.33,58.8,,,,55.32,548.22,,,,154.34,36.0,,,26.02,1.86,,,,,,,,,,,,,25.01,33.52,,,,,,,,,
15-May-2015,10:15,15-May-2015,10:30,Maharashtra,Navi Mumbai,Airoli, Navi Mumbai - MPCB,0.07,56.42,,,,51.2,559.23,,,,155.55,36.24,,,25.97,1.87,,,,,,,,,,,,,25.35,34.68,,,,,,,,,
15-May-2015,10:30,15-May-2015,10:45,Maharashtra,Navi Mumbai,Airoli, Navi Mumbai - MPCB,0.44,48.77,,,,47.99,605.83,,,,133.96,31.92,,,25.85,1.87,,,,,,,,,,,,,25.08,35.26,,,,,,,,,
15-May-2015,10:45,15-May-2015,11:00,Maharashtra,Navi Mumbai,Airoli, Navi Mumbai - MPCB,0.36,27.35,,,,44.36,637.67,,,,128.79,30.89,,,25.91,1.89,,,,,,,,,,,,,24.68,35.57,,,,,,,,,
15-May-2015,11:00,15-May-2015,11:15,Maharashtra,Navi Mumbai,Airoli, Navi Mumbai - MPCB,0.14,349.44,,,,42.43,661.57,,,,127.53,30.64,,,25.6,1.91,,,,,,,,,,,,,24.9,36.22,,,,,,,,,
15-May-2015,11:15,15-May-2015,11:30,Maharashtra,Navi Mumbai,Airoli, Navi Mumbai - MPCB,,,,,,,,,,,,,,,,,,,,,,,,,,,,,,,,,,,,,,,
15-May-2015,11:30,15-May-2015,11:45,Maharashtra,Navi Mumbai,Airoli, Navi Mumbai - MPCB,,,,,,,,,,,,,,,,,,,,,,,,,,,,,,,,,,,,,,,
15-May-2015,11:45,15-May-2015,12:00,Maharashtra,Navi Mumbai,Airoli, Navi Mumbai - MPCB,,,,,,,,,,,,,,,,,,,,,,,,,,,,,,,,,,,,,,,
15-May-2015,12:00,15-May-2015,12:15,Maharashtra,Navi Mumbai,Airoli, Navi Mumbai - MPCB,,,,,,,,,,,,,,,,,,,,,,,,,,,,,,,,,,,,,,,
15-May-2015,12:15,15-May-2015,12:30,Maharashtra,Navi Mumbai,Airoli, Navi Mumbai - MPCB,,,,,,,,,,,,,,,,,,,,,,,,,,,,,,,,,,,,,,,
15-May-2015,12:30,15-May-2015,12:45,Maharashtra,Navi Mumbai,Airoli, Navi Mumbai - MPCB,,,,,,,,,,,,,,,,,,,,,,,,,,,,,,,,,,,,,,,
15-May-2015,12:45,15-May-2015,13:00,Maharashtra,Navi Mumbai,Airoli, Navi Mumbai - MPCB,,,,,,,,,,,,,,,,,,,,,,,,,,,,,,,,,,,,,,,
15-May-2015,13:00,15-May-2015,13:15,Maharashtra,Navi Mumbai,Airoli, Navi Mumbai - MPCB,,,,,,,,,,,,,,,,,,,,,,,,,,,,,,,,,,,,,,,
15-May-2015,13:15,15-May-2015,13:30,Maharashtra,Navi Mumbai,Airoli, Navi Mumbai - MPCB,,,,,,,,,,,,,,,,,,,,,,,,,,,,,,,,,,,,,,,
15-May-2015,13:30,15-May-2015,13:45,Maharashtra,Navi Mumbai,Airoli, Navi Mumbai - MPCB,,,,,,,,,,,,,,,,,,,,,,,,,,,,,,,,,,,,,,,
15-May-2015,13:45,15-May-2015,14:00,Maharashtra,Navi Mumbai,Airoli, Navi Mumbai - MPCB,,,,,,,,,,,,,,,,,,,,,,,,,,,,,,,,,,,,,,,
15-May-2015,14:00,15-May-2015,14:15,Maharashtra,Navi Mumbai,Airoli, Navi Mumbai - MPCB,1.19,247.1,,,,51.98,518.18,,,,92.09,23.55,,,669.48,1.72,,,,,,,,,,,,,21.0,37.88,,,,,,,,,
15-May-2015,14:15,15-May-2015,14:30,Maharashtra,Navi Mumbai,Airoli, Navi Mumbai - MPCB,0.22,205.86,,,,47.74,525.7,,,,15.94,5.87,,,137.64,1.67,,,,,,,,,,,,,20.07,38.49,,,,,,,,,
15-May-2015,14:30,15-May-2015,14:45,Maharashtra,Navi Mumbai,Airoli, Navi Mumbai - MPCB,0.16,13.38,,,,46.93,419.79,,,,,,,,68.23,1.61,,,,,,,,,,,,,19.49,39.17,,,,,,,,,
15-May-2015,14:45,15-May-2015,15:00,Maharashtra,Navi Mumbai,Airoli, Navi Mumbai - MPCB,0.16,356.9,,,,47.57,355.71,,,,,,,,57.27,1.55,,,,,,,,,,,,,18.97,39.29,,,,,,,,,
15-May-2015,15:00,15-May-2015,15:15,Maharashtra,Navi Mumbai,Airoli, Navi Mumbai - MPCB,0.08,255.31,,,,47.89,211.24,,,,,,,,57.42,1.54,,,,,,,,,,,,,18.63,38.84,,,,,,,,,
15-May-2015,15:15,15-May-2015,15:30,Maharashtra,Navi Mumbai,Airoli, Navi Mumbai - MPCB,0.46,180.49,,,,47.36,238.44,,,,0.24,2.37,,,61.31,1.49,,,,,,,,,,,,,18.98,39.02,,,,,,,,,
15-May-2015,15:30,15-May-2015,15:45,Maharashtra,Navi Mumbai,Airoli, Navi Mumbai - MPCB,,,,,,,,,,,,,,,,,,,,,,,,,,,,,,,,,,,,,,,
15-May-2015,15:45,15-May-2015,16:00,Maharashtra,Navi Mumbai,Airoli, Navi Mumbai - MPCB,0.05,213.32,,,,50.58,159.26,,,,14.14,7.96,,,132.52,1.6,,,,,,,,,,,,,18.93,38.62,,,,,,,,,
15-May-2015,16:00,15-May-2015,16:15,Maharashtra,Navi Mumbai,Airoli, Navi Mumbai - MPCB,0.21,200.1,,,,53.6,88.34,,,,19.81,9.09,,,96.9,1.6,,,,,,,,,,,,,20.17,37.91,,,,,,,,,
15-May-2015,16:15,15-May-2015,16:30,Maharashtra,Navi Mumbai,Airoli, Navi Mumbai - MPCB,0.12,206.53,,,,55.42,95.68,,,,9.0,6.93,,,67.56,1.66,,,,,,,,,,,,,21.29,37.38,,,,,,,,,
15-May-2015,16:30,15-May-2015,16:45,Maharashtra,Navi Mumbai,Airoli, Navi Mumbai - MPCB,0.08,4.28,,,,55.84,102.24,,,,7.83,6.7,,,53.36,1.65,,,,,,,,,,,,,21.74,37.07,,,,,,,,,
15-May-2015,16:45,15-May-2015,17:00,Maharashtra,Navi Mumbai,Airoli, Navi Mumbai - MPCB,0.26,246.88,,,,57.29,80.46,,,,50.51,15.23,,,44.32,1.67,,,,,,,,,,,,,22.63,36.67,,,,,,,,,
15-May-2015,17:00,15-May-2015,17:15,Maharashtra,Navi Mumbai,Airoli, Navi Mumbai - MPCB,0.66,221.38,,,,60.13,63.85,,,,98.15,24.76,,,38.53,1.68,,,,,,,,,,,,,23.13,35.95,,,,,,,,,
15-May-2015,17:15,15-May-2015,17:30,Maharashtra,Navi Mumbai,Airoli, Navi Mumbai - MPCB,0.31,262.15,,,,62.29,46.99,,,,118.84,28.9,,,34.79,1.74,,,,,,,,,,,,,23.69,35.3,,,,,,,,,
15-May-2015,17:30,15-May-2015,17:45,Maharashtra,Navi Mumbai,Airoli, Navi Mumbai - MPCB,0.45,244.4,,,,61.53,32.18,,,,135.85,32.3,,,31.68,1.73,,,,,,,,,,,,,23.57,34.99,,,,,,,,,
15-May-2015,17:45,15-May-2015,18:00,Maharashtra,Navi Mumbai,Airoli, Navi Mumbai - MPCB,0.03,248.92,,,,60.2,22.76,,,,137.87,32.71,,,29.6,1.75,,,,,,,,,,,,,24.05,34.64,,,,,,,,,
15-May-2015,18:00,15-May-2015,18:15,Maharashtra,Navi Mumbai,Airoli, Navi Mumbai - MPCB,0.13,30.37,,,,61.1,18.99,,,,122.68,29.67,,,27.82,1.73,,,,,,,,,,,,,24.69,34.55,,,,,,,,,
15-May-2015,18:15,15-May-2015,18:30,Maharashtra,Navi Mumbai,Airoli, Navi Mumbai - MPCB,0.18,213.47,,,,61.47,13.44,,,,109.7,27.07,,,26.76,1.79,,,,,,,,,,,,,24.92,34.4,,,,,,,,,
15-May-2015,18:30,15-May-2015,18:45,Maharashtra,Navi Mumbai,Airoli, Navi Mumbai - MPCB,0.05,48.65,,,,62.53,7.44,,,,107.55,26.64,,,26.44,1.79,,,,,,,,,,,,,25.25,34.23,,,,,,,,,
15-May-2015,18:45,15-May-2015,19:00,Maharashtra,Navi Mumbai,Airoli, Navi Mumbai - MPCB,0.35,217.93,,,,63.15,2.04,,,,118.02,28.74,,,26.39,1.8,,,,,,,,,,,,,25.52,33.76,,,,,,,,,
15-May-2015,19:00,15-May-2015,19:15,Maharashtra,Navi Mumbai,Airoli, Navi Mumbai - MPCB,0.54,223.08,,,,65.15,,,,,127.39,30.61,,,26.13,1.79,,,,,,,,,,,,,26.43,33.74,,,,,,,,,
15-May-2015,19:15,15-May-2015,19:30,Maharashtra,Navi Mumbai,Airoli, Navi Mumbai - MPCB,0.46,278.86,,,,67.02,,,,,156.12,36.36,,,25.94,1.84,,,,,,,,,,,,,26.2,33.33,,,,,,,,,
15-May-2015,19:30,15-May-2015,19:45,Maharashtra,Navi Mumbai,Airoli, Navi Mumbai - MPCB,0.79,240.95,,,,69.13,,,,,183.7,41.87,,,25.56,1.83,,,,,,,,,,,,,26.31,32.94,,,,,,,,,
15-May-2015,19:45,15-May-2015,20:00,Maharashtra,Navi Mumbai,Airoli, Navi Mumbai - MPCB,0.49,250.44,,,,71.0,,,,,186.98,42.53,,,25.73,1.83,,,,,,,,,,,,,27.38,32.64,,,,,,,,,
15-May-2015,20:00,15-May-2015,20:15,Maharashtra,Navi Mumbai,Airoli, Navi Mumbai - MPCB,0.54,243.35,,,,73.39,,,,,159.95,37.12,,,25.7,1.84,,,,,,,,,,,,,27.65,32.36,,,,,,,,,
15-May-2015,20:15,15-May-2015,20:30,Maharashtra,Navi Mumbai,Airoli, Navi Mumbai - MPCB,0.84,240.69,,,,74.36,,,,,153.2,35.77,,,25.35,1.88,,,,,,,,,,,,,27.86,32.13,,,,,,,,,
15-May-2015,20:30,15-May-2015,20:45,Maharashtra,Navi Mumbai,Airoli, Navi Mumbai - MPCB,0.65,230.5,,,,74.4,,,,,162.12,37.56,,,25.45,1.89,,,,,,,,,,,,,28.4,32.01,,,,,,,,,
15-May-2015,20:45,15-May-2015,21:00,Maharashtra,Navi Mumbai,Airoli, Navi Mumbai - MPCB,0.8,234.2,,,,74.44,,,,,159.77,37.09,,,25.57,1.87,,,,,,,,,,,,,28.2,31.9,,,,,,,,,
15-May-2015,21:00,15-May-2015,21:15,Maharashtra,Navi Mumbai,Airoli, Navi Mumbai - MPCB,0.44,242.73,,,,74.1,,,,,151.83,35.5,,,25.45,1.9,,,,,,,,,,,,,28.44,31.78,,,,,,,,,
15-May-2015,21:15,15-May-2015,21:30,Maharashtra,Navi Mumbai,Airoli, Navi Mumbai - MPCB,0.63,229.67,,,,73.7,,,,,141.93,33.52,,,25.29,1.91,,,,,,,,,,,,,28.32,31.83,,,,,,,,,
15-May-2015,21:30,15-May-2015,21:45,Maharashtra,Navi Mumbai,Airoli, Navi Mumbai - MPCB,0.32,223.69,,,,73.47,,,,,141.67,33.47,,,25.4,1.92,,,,,,,,,,,,,28.99,31.88,,,,,,,,,
15-May-2015,21:45,15-May-2015,22:00,Maharashtra,Navi Mumbai,Airoli, Navi Mumbai - MPCB,0.21,264.55,,,,73.15,,,,,126.34,30.4,,,25.22,1.9,,,,,,,,,,,,,28.71,31.93,,,,,,,,,
15-May-2015,22:00,15-May-2015,22:15,Maharashtra,Navi Mumbai,Airoli, Navi Mumbai - MPCB,0.13,275.2,,,,73.01,,,,,134.0,31.93,,,25.05,1.89,,,,,,,,,,,,,28.69,31.99,,,,,,,,,
15-May-2015,22:15,15-May-2015,22:30,Maharashtra,Navi Mumbai,Airoli, Navi Mumbai - MPCB,0.34,221.55,,,,73.86,,,,,146.88,34.51,,,24.98,1.87,,,,,,,,,,,,,27.35,31.89,,,,,,,,,
15-May-2015,22:30,15-May-2015,22:45,Maharashtra,Navi Mumbai,Airoli, Navi Mumbai - MPCB,0.34,222.04,,,,75.47,,,,,140.92,33.32,,,25.16,1.9,,,,,,,,,,,,,26.96,31.69,,,,,,,,,
15-May-2015,22:45,15-May-2015,23:00,Maharashtra,Navi Mumbai,Airoli, Navi Mumbai - MPCB,0.08,275.42,,,,76.61,,,,,96.83,24.5,,,25.17,1.86,,,,,,,,,,,,,26.52,31.59,,,,,,,,,
15-May-2015,23:00,15-May-2015,23:15,Maharashtra,Navi Mumbai,Airoli, Navi Mumbai - MPCB,0.02,158.33,,,,77.78,,,,,65.21,18.17,,,24.93,1.83,,,,,,,,,,,,,26.61,31.49,,,,,,,,,
15-May-2015,23:15,15-May-2015,23:30,Maharashtra,Navi Mumbai,Airoli, Navi Mumbai - MPCB,0.22,242.2,,,,78.59,,,,,55.18,16.17,,,25.23,1.86,,,,,,,,,,,,,27.51,31.44,,,,,,,,,
15-May-2015,23:30,15-May-2015,23:45,Maharashtra,Navi Mumbai,Airoli, Navi Mumbai - MPCB,0.03,287.62,,,,79.09,,,,,66.47,18.43,,,25.32,1.83,,,,,,,,,,,,,26.55,31.3,,,,,,,,,
15-May-2015,23:45,16-May-2015,00:00,Maharashtra,Navi Mumbai,Airoli, Navi Mumbai - MPCB,0.07,238.07,,,,79.68,,,,,58.68,16.87,,,25.48,1.84,,,,,,,,,,,,,27.04,31.31,,,,,,,,,
16-May-2015,00:00,16-May-2015,00:15,Maharashtra,Navi Mumbai,Airoli, Navi Mumbai - MPCB,0.12,187.28,,,,79.54,,,,,72.72,19.68,,,25.63,1.85,,,,,,,,,,,,,26.59,31.16,,,,,,,,,
16-May-2015,00:15,16-May-2015,00:30,Maharashtra,Navi Mumbai,Airoli, Navi Mumbai - MPCB,,,,,,80.08,,,,,76.61,20.45,,,25.63,1.81,,,,,,,,,,,,,26.33,31.0,,,,,,,,,
16-May-2015,00:30,16-May-2015,00:45,Maharashtra,Navi Mumbai,Airoli, Navi Mumbai - MPCB,,,,,,80.95,,,,,82.64,21.66,,,25.39,1.84,,,,,,,,,,,,,26.51,30.8,,,,,,,,,
16-May-2015,00:45,16-May-2015,01:00,Maharashtra,Navi Mumbai,Airoli, Navi Mumbai - MPCB,,,,,,81.61,,,,,58.6,16.85,,,25.57,1.85,,,,,,,,,,,,,26.51,30.73,,,,,,,,,
16-May-2015,01:00,16-May-2015,01:15,Maharashtra,Navi Mumbai,Airoli, Navi Mumbai - MPCB,,,,,,82.08,,,,,60.19,17.17,,,25.59,1.86,,,,,,,,,,,,,27.27,30.6,,,,,,,,,
16-May-2015,01:15,16-May-2015,01:30,Maharashtra,Navi Mumbai,Airoli, Navi Mumbai - MPCB,0.07,291.0,,,,82.59,,,,,67.94,18.72,,,25.71,1.87,,,,,,,,,,,,,25.99,30.56,,,,,,,,,
16-May-2015,01:30,16-May-2015,01:45,Maharashtra,Navi Mumbai,Airoli, Navi Mumbai - MPCB,0.04,6.0,,,,82.67,,,,,95.34,24.2,,,25.57,1.85,,,,,,,,,,,,,26.04,30.64,,,,,,,,,
16-May-2015,01:45,16-May-2015,02:00,Maharashtra,Navi Mumbai,Airoli, Navi Mumbai - MPCB,,,,,,83.14,,,,,74.8,20.09,,,25.76,1.88,,,,,,,,,,,,,26.99,30.59,,,,,,,,,
16-May-2015,02:00,16-May-2015,02:15,Maharashtra,Navi Mumbai,Airoli, Navi Mumbai - MPCB,,,,,,83.07,,,,,69.64,19.06,,,26.02,1.87,,,,,,,,,,,,,26.29,30.5,,,,,,,,,
16-May-2015,02:15,16-May-2015,02:30,Maharashtra,Navi Mumbai,Airoli, Navi Mumbai - MPCB,0.04,306.1,,,,82.89,,,,,69.5,19.03,,,28.18,1.86,,,,,,,,,,,,,25.9,30.53,,,,,,,,,
16-May-2015,02:30,16-May-2015,02:45,Maharashtra,Navi Mumbai,Airoli, Navi Mumbai - MPCB,0.03,180.5,,,,82.14,,,,,100.71,25.27,,,27.92,1.86,,,,,,,,,,,,,26.86,30.65,,,,,,,,,
16-May-2015,02:45,16-May-2015,03:00,Maharashtra,Navi Mumbai,Airoli, Navi Mumbai - MPCB,,,,,,81.92,,,,,94.65,24.06,,,27.16,1.86,,,,,,,,,,,,,26.74,30.59,,,,,,,,,
16-May-2015,03:00,16-May-2015,03:15,Maharashtra,Navi Mumbai,Airoli, Navi Mumbai - MPCB,,,,,,82.32,,,,,72.82,19.7,,,26.06,1.87,,,,,,,,,,,,,27.05,30.45,,,,,,,,,
16-May-2015,03:15,16-May-2015,03:30,Maharashtra,Navi Mumbai,Airoli, Navi Mumbai - MPCB,,,,,,82.01,,,,,64.83,18.1,,,25.97,1.88,,,,,,,,,,,,,26.48,30.31,,,,,,,,,
16-May-2015,03:30,16-May-2015,03:45,Maharashtra,Navi Mumbai,Airoli, Navi Mumbai - MPCB,,,,,,81.55,,,,,88.49,22.83,,,25.7,1.89,,,,,,,,,,,,,26.62,30.49,,,,,,,,,
16-May-2015,03:45,16-May-2015,04:00,Maharashtra,Navi Mumbai,Airoli, Navi Mumbai - MPCB,,,,,,81.2,,,,,94.51,24.03,,,25.67,1.87,,,,,,,,,,,,,26.45,30.35,,,,,,,,,
16-May-2015,04:00,16-May-2015,04:15,Maharashtra,Navi Mumbai,Airoli, Navi Mumbai - MPCB,0.01,225.0,,,,81.19,,,,,90.49,23.23,,,25.54,1.88,,,,,,,,,,,,,26.68,30.32,,,,,,,,,
16-May-2015,04:15,16-May-2015,04:30,Maharashtra,Navi Mumbai,Airoli, Navi Mumbai - MPCB,0.01,297.0,,,,80.88,,,,,96.14,24.36,,,25.46,1.86,,,,,,,,,,,,,26.68,30.39,,,,,,,,,
16-May-2015,04:30,16-May-2015,04:45,Maharashtra,Navi Mumbai,Airoli, Navi Mumbai - MPCB,0.01,185.0,,,,80.25,,,,,114.86,28.1,,,25.86,1.88,,,,,,,,,,,,,26.62,30.42,,,,,,,,,
16-May-2015,04:45,16-May-2015,05:00,Maharashtra,Navi Mumbai,Airoli, Navi Mumbai - MPCB,,,,,,80.42,,,,,120.81,29.29,,,25.67,1.88,,,,,,,,,,,,,27.69,30.29,,,,,,,,,
16-May-2015,05:00,16-May-2015,05:15,Maharashtra,Navi Mumbai,Airoli, Navi Mumbai - MPCB,,,,,,81.06,,,,,134.38,32.01,,,25.51,1.9,,,,,,,,,,,,,28.14,30.06,,,,,,,,,
16-May-2015,05:15,16-May-2015,05:30,Maharashtra,Navi Mumbai,Airoli, Navi Mumbai - MPCB,,,,,,81.64,,,,,140.91,33.31,,,25.44,1.91,,,,,,,,,,,,,28.35,29.91,,,,,,,,,
16-May-2015,05:30,16-May-2015,05:45,Maharashtra,Navi Mumbai,Airoli, Navi Mumbai - MPCB,,,,,,82.2,,,,,149.86,35.1,,,25.47,1.93,,,,,,,,,,,,,28.49,29.78,,,,,,,,,
16-May-2015,05:45,16-May-2015,06:00,Maharashtra,Navi Mumbai,Airoli, Navi Mumbai - MPCB,,,,,,82.6,,,,,159.42,37.02,,,25.32,1.93,,,,,,,,,,,,,29.12,29.67,,,,,,,,,
16-May-2015,06:00,16-May-2015,06:15,Maharashtra,Navi Mumbai,Airoli, Navi Mumbai - MPCB,,,,,,83.1,,,,,187.33,42.6,,,25.22,1.92,,,,,,,,,,,,,29.26,29.61,,,,,,,,,
16-May-2015,06:15,16-May-2015,06:30,Maharashtra,Navi Mumbai,Airoli, Navi Mumbai - MPCB,,,,,,83.26,,,,,188.79,42.89,,,25.03,1.94,,,,,,,,,,,,,29.11,29.76,,,,,,,,,
16-May-2015,06:30,16-May-2015,06:45,Maharashtra,Navi Mumbai,Airoli, Navi Mumbai - MPCB,,,,,,82.69,1.02,,,,180.92,41.32,,,24.97,1.95,,,,,,,,,,,,,28.76,29.76,,,,,,,,,
16-May-2015,06:45,16-May-2015,07:00,Maharashtra,Navi Mumbai,Airoli, Navi Mumbai - MPCB,,,,,,82.87,14.33,,,,168.8,38.89,,,25.05,1.98,,,,,,,,,,,,,28.73,29.97,,,,,,,,,
16-May-2015,07:00,16-May-2015,07:15,Maharashtra,Navi Mumbai,Airoli, Navi Mumbai - MPCB,,,,,,83.09,39.45,,,,189.25,42.98,,,24.97,1.95,,,,,,,,,,,,,28.41,30.24,,,,,,,,,
16-May-2015,07:15,16-May-2015,07:30,Maharashtra,Navi Mumbai,Airoli, Navi Mumbai - MPCB,,,,,,81.43,72.47,,,,205.95,46.32,,,25.15,1.94,,,,,,,,,,,,,28.45,30.36,,,,,,,,,
16-May-2015,07:30,16-May-2015,07:45,Maharashtra,Navi Mumbai,Airoli, Navi Mumbai - MPCB,,,,,,78.3,107.49,,,,227.24,50.58,,,25.09,1.97,,,,,,,,,,,,,28.21,30.69,,,,,,,,,
16-May-2015,07:45,16-May-2015,08:00,Maharashtra,Navi Mumbai,Airoli, Navi Mumbai - MPCB,0.03,44.0,,,,75.99,163.01,,,,445.02,94.13,,,25.17,1.96,,,,,,,,,,,,,29.15,31.45,,,,,,,,,
16-May-2015,08:00,16-May-2015,08:15,Maharashtra,Navi Mumbai,Airoli, Navi Mumbai - MPCB,0.01,187.43,,,,73.27,211.57,,,,750.51,155.23,,,25.09,1.95,,,,,,,,,,,,,28.67,31.89,,,,,,,,,
16-May-2015,08:15,16-May-2015,08:30,Maharashtra,Navi Mumbai,Airoli, Navi Mumbai - MPCB,0.07,27.32,,,,70.61,248.87,,,,1009.86,207.1,,,25.03,1.95,,,,,,,,,,,,,28.77,32.3,,,,,,,,,
16-May-2015,08:30,16-May-2015,08:45,Maharashtra,Navi Mumbai,Airoli, Navi Mumbai - MPCB,0.06,24.68,,,,68.64,288.21,,,,728.03,150.74,,,24.91,1.96,,,,,,,,,,,,,28.76,32.8,,,,,,,,,
16-May-2015,08:45,16-May-2015,09:00,Maharashtra,Navi Mumbai,Airoli, Navi Mumbai - MPCB,0.1,22.06,,,,66.95,323.39,,,,46.24,14.38,,,24.87,1.97,,,,,,,,,,,,,28.26,32.84,,,,,,,,,
16-May-2015,09:00,16-May-2015,09:15,Maharashtra,Navi Mumbai,Airoli, Navi Mumbai - MPCB,0.09,216.02,,,,65.4,352.28,,,,46.24,14.38,,,24.51,1.96,,,,,,,,,,,,,28.53,33.2,,,,,,,,,
16-May-2015,09:15,16-May-2015,09:30,Maharashtra,Navi Mumbai,Airoli, Navi Mumbai - MPCB,0.16,257.98,,,,65.03,380.46,,,,46.24,14.38,,,24.89,1.97,,,,,,,,,,,,,28.68,33.3,,,,,,,,,
16-May-2015,09:30,16-May-2015,09:45,Maharashtra,Navi Mumbai,Airoli, Navi Mumbai - MPCB,0.1,199.79,,,,65.29,417.94,,,,46.24,14.38,,,24.87,1.95,,,,,,,,,,,,,28.46,33.4,,,,,,,,,
16-May-2015,09:45,16-May-2015,10:00,Maharashtra,Navi Mumbai,Airoli, Navi Mumbai - MPCB,0.22,258.54,,,,62.98,468.49,,,,46.24,14.38,,,25.01,1.92,,,,,,,,,,,,,28.32,34.09,,,,,,,,,
16-May-2015,10:00,16-May-2015,10:15,Maharashtra,Navi Mumbai,Airoli, Navi Mumbai - MPCB,0.07,0.24,,,,61.06,511.96,,,,46.24,14.38,,,24.9,1.96,,,,,,,,,,,,,28.33,34.72,,,,,,,,,
16-May-2015,10:15,16-May-2015,10:30,Maharashtra,Navi Mumbai,Airoli, Navi Mumbai - MPCB,0.22,278.01,,,,58.31,552.11,,,,46.24,14.38,,,24.79,1.94,,,,,,,,,,,,,28.18,35.16,,,,,,,,,
16-May-2015,10:30,16-May-2015,10:45,Maharashtra,Navi Mumbai,Airoli, Navi Mumbai - MPCB,0.17,263.42,,,,55.39,578.1,,,,46.24,14.38,,,24.81,1.97,,,,,,,,,,,,,27.83,35.18,,,,,,,,,
16-May-2015,10:45,16-May-2015,11:00,Maharashtra,Navi Mumbai,Airoli, Navi Mumbai - MPCB,0.27,204.06,,,,50.22,625.03,,,,46.24,14.38,,,25.01,1.94,,,,,,,,,,,,,26.85,35.71,,,,,,,,,
16-May-2015,11:00,16-May-2015,11:15,Maharashtra,Navi Mumbai,Airoli, Navi Mumbai - MPCB,0.25,214.84,,,,48.9,667.8,,,,46.24,14.38,,,24.84,1.9,,,,,,,,,,,,,25.78,36.27,,,,,,,,,
16-May-2015,11:15,16-May-2015,11:30,Maharashtra,Navi Mumbai,Airoli, Navi Mumbai - MPCB,0.18,217.53,,,,49.64,683.39,,,,46.24,14.38,,,24.78,1.86,,,,,,,,,,,,,25.66,36.61,,,,,,,,,
16-May-2015,11:30,16-May-2015,11:45,Maharashtra,Navi Mumbai,Airoli, Navi Mumbai - MPCB,0.39,209.87,,,,49.89,679.25,,,,46.24,14.38,,,25.15,1.85,,,,,,,,,,,,,25.83,36.74,,,,,,,,,
16-May-2015,11:45,16-May-2015,12:00,Maharashtra,Navi Mumbai,Airoli, Navi Mumbai - MPCB,0.16,280.6,,,,50.42,691.55,,,,46.24,14.38,,,25.31,1.86,,,,,,,,,,,,,25.81,37.17,,,,,,,,,
16-May-2015,12:00,16-May-2015,12:15,Maharashtra,Navi Mumbai,Airoli, Navi Mumbai - MPCB,0.64,262.25,,,,55.05,708.57,,,,46.24,14.38,,,25.47,1.91,,,,,,,,,,,,,26.28,37.12,,,,,,,,,
16-May-2015,12:15,16-May-2015,12:30,Maharashtra,Navi Mumbai,Airoli, Navi Mumbai - MPCB,0.49,241.02,,,,58.91,723.29,,,,46.24,14.38,,,25.27,1.91,,,,,,,,,,,,,26.41,36.72,,,,,,,,,
16-May-2015,12:30,16-May-2015,12:45,Maharashtra,Navi Mumbai,Airoli, Navi Mumbai - MPCB,0.44,237.2,,,,58.42,743.07,,,,46.24,14.38,,,25.63,1.87,,,,,,,,,,,,,26.37,36.72,,,,,,,,,
16-May-2015,12:45,16-May-2015,13:00,Maharashtra,Navi Mumbai,Airoli, Navi Mumbai - MPCB,0.36,250.82,,,,57.87,723.88,,,,46.24,14.38,,,25.51,1.87,,,,,,,,,,,,,27.64,36.71,,,,,,,,,
16-May-2015,13:00,16-May-2015,13:15,Maharashtra,Navi Mumbai,Airoli, Navi Mumbai - MPCB,0.2,244.35,,,,56.63,703.43,,,,46.24,14.38,,,25.63,1.91,,,,,,,,,,,,,27.94,37.44,,,,,,,,,
16-May-2015,13:15,16-May-2015,13:30,Maharashtra,Navi Mumbai,Airoli, Navi Mumbai - MPCB,0.45,214.14,,,,57.47,684.44,,,,46.24,14.38,,,25.51,1.91,,,,,,,,,,,,,29.04,36.96,,,,,,,,,
16-May-2015,13:30,16-May-2015,13:45,Maharashtra,Navi Mumbai,Airoli, Navi Mumbai - MPCB,0.38,241.48,,,,55.88,648.56,,,,46.24,14.38,,,25.51,1.91,,,,,,,,,,,,,30.27,37.09,,,,,,,,,
16-May-2015,13:45,16-May-2015,14:00,Maharashtra,Navi Mumbai,Airoli, Navi Mumbai - MPCB,0.74,271.13,,,,55.74,586.7,,,,46.24,14.38,,,25.63,1.93,,,,,,,,,,,,,31.03,36.93,,,,,,,,,
16-May-2015,14:00,16-May-2015,14:15,Maharashtra,Navi Mumbai,Airoli, Navi Mumbai - MPCB,0.98,203.53,,,,55.64,507.06,,,,46.24,14.38,,,25.65,1.88,,,,,,,,,,,,,31.58,36.7,,,,,,,,,
16-May-2015,14:15,16-May-2015,14:30,Maharashtra,Navi Mumbai,Airoli, Navi Mumbai - MPCB,0.76,258.19,,,,55.19,527.92,,,,46.24,14.38,,,25.55,1.91,,,,,,,,,,,,,31.15,36.91,,,,,,,,,
16-May-2015,14:30,16-May-2015,14:45,Maharashtra,Navi Mumbai,Airoli, Navi Mumbai - MPCB,1.04,229.91,,,,55.41,385.53,,,,46.24,14.38,,,25.32,1.91,,,,,,,,,,,,,32.45,36.71,,,,,,,,,
16-May-2015,14:45,16-May-2015,15:00,Maharashtra,Navi Mumbai,Airoli, Navi Mumbai - MPCB,1.23,251.85,,,,57.05,304.41,,,,46.24,14.38,,,25.19,1.9,,,,,,,,,,,,,32.91,36.12,,,,,,,,,
16-May-2015,15:00,16-May-2015,15:15,Maharashtra,Navi Mumbai,Airoli, Navi Mumbai - MPCB,0.27,203.21,,,,54.81,207.22,,,,46.24,14.38,,,25.7,1.9,,,,,,,,,,,,,33.11,36.69,,,,,,,,,
16-May-2015,15:15,16-May-2015,15:30,Maharashtra,Navi Mumbai,Airoli, Navi Mumbai - MPCB,0.82,221.98,,,,54.2,229.03,,,,46.24,14.38,,,25.48,1.9,,,,,,,,,,,,,32.82,36.34,,,,,,,,,
16-May-2015,15:30,16-May-2015,15:45,Maharashtra,Navi Mumbai,Airoli, Navi Mumbai - MPCB,0.55,271.45,,,,53.99,153.45,,,,46.24,14.38,,,25.57,1.91,,,,,,,,,,,,,33.08,36.57,,,,,,,,,
16-May-2015,15:45,16-May-2015,16:00,Maharashtra,Navi Mumbai,Airoli, Navi Mumbai - MPCB,0.63,218.93,,,,54.75,129.79,,,,46.24,14.38,,,25.71,1.92,,,,,,,,,,,,,33.12,36.33,,,,,,,,,
16-May-2015,16:00,16-May-2015,16:15,Maharashtra,Navi Mumbai,Airoli, Navi Mumbai - MPCB,0.95,245.42,,,,56.27,93.52,,,,46.24,14.38,,,25.62,1.91,,,,,,,,,,,,,32.83,36.07,,,,,,,,,
16-May-2015,16:15,16-May-2015,16:30,Maharashtra,Navi Mumbai,Airoli, Navi Mumbai - MPCB,1.18,236.74,,,,57.27,92.6,,,,46.24,14.38,,,25.7,1.9,,,,,,,,,,,,,33.3,35.62,,,,,,,,,
16-May-2015,16:30,16-May-2015,16:45,Maharashtra,Navi Mumbai,Airoli, Navi Mumbai - MPCB,0.73,232.4,,,,59.31,126.3,,,,46.24,14.38,,,25.61,1.89,,,,,,,,,,,,,33.17,35.25,,,,,,,,,
16-May-2015,16:45,16-May-2015,17:00,Maharashtra,Navi Mumbai,Airoli, Navi Mumbai - MPCB,0.71,217.99,,,,60.28,74.22,,,,46.24,14.38,,,25.7,1.93,,,,,,,,,,,,,32.76,34.97,,,,,,,,,
16-May-2015,17:00,16-May-2015,17:15,Maharashtra,Navi Mumbai,Airoli, Navi Mumbai - MPCB,1.26,234.02,,,,60.09,55.41,,,,46.24,14.38,,,25.65,1.89,,,,,,,,,,,,,32.93,34.86,,,,,,,,,
16-May-2015,17:15,16-May-2015,17:30,Maharashtra,Navi Mumbai,Airoli, Navi Mumbai - MPCB,0.59,240.97,,,,59.67,46.62,,,,46.24,14.38,,,25.66,1.9,,,,,,,,,,,,,32.69,34.71,,,,,,,,,
16-May-2015,17:30,16-May-2015,17:45,Maharashtra,Navi Mumbai,Airoli, Navi Mumbai - MPCB,0.69,224.61,,,,59.03,38.81,,,,46.24,14.38,,,25.7,1.93,,,,,,,,,,,,,33.33,34.81,,,,,,,,,
16-May-2015,17:45,16-May-2015,18:00,Maharashtra,Navi Mumbai,Airoli, Navi Mumbai - MPCB,0.96,224.59,,,,59.04,32.35,,,,46.24,14.38,,,25.65,1.93,,,,,,,,,,,,,33.35,34.51,,,,,,,,,
16-May-2015,18:00,16-May-2015,18:15,Maharashtra,Navi Mumbai,Airoli, Navi Mumbai - MPCB,0.6,243.7,,,,59.48,26.42,,,,46.24,14.38,,,25.59,1.94,,,,,,,,,,,,,33.11,34.15,,,,,,,,,
16-May-2015,18:15,16-May-2015,18:30,Maharashtra,Navi Mumbai,Airoli, Navi Mumbai - MPCB,0.87,227.29,,,,60.29,17.69,,,,46.24,14.38,,,25.69,1.97,,,,,,,,,,,,,33.95,33.84,,,,,,,,,
16-May-2015,18:30,16-May-2015,18:45,Maharashtra,Navi Mumbai,Airoli, Navi Mumbai - MPCB,0.49,236.77,,,,60.56,8.57,,,,46.24,14.38,,,25.73,1.95,,,,,,,,,,,,,33.65,33.59,,,,,,,,,
16-May-2015,18:45,16-May-2015,19:00,Maharashtra,Navi Mumbai,Airoli, Navi Mumbai - MPCB,0.49,214.64,,,,61.51,0.32,,,,46.24,14.38,,,25.56,1.98,,,,,,,,,,,,,33.87,33.31,,,,,,,,,
16-May-2015,19:00,16-May-2015,19:15,Maharashtra,Navi Mumbai,Airoli, Navi Mumbai - MPCB,0.5,258.33,,,,62.75,,,,,46.24,14.38,,,25.23,1.98,,,,,,,,,,,,,34.48,33.04,,,,,,,,,
16-May-2015,19:15,16-May-2015,19:30,Maharashtra,Navi Mumbai,Airoli, Navi Mumbai - MPCB,0.44,256.3,,,,64.32,,,,,46.24,14.38,,,25.23,1.98,,,,,,,,,,,,,33.97,32.88,,,,,,,,,
16-May-2015,19:30,16-May-2015,19:45,Maharashtra,Navi Mumbai,Airoli, Navi Mumbai - MPCB,0.77,227.81,,,,64.99,,,,,46.24,14.38,,,25.33,1.99,,,,,,,,,,,,,34.09,32.68,,,,,,,,,
16-May-2015,19:45,16-May-2015,20:00,Maharashtra,Navi Mumbai,Airoli, Navi Mumbai - MPCB,0.76,250.6,,,,65.75,,,,,46.24,14.38,,,25.1,1.97,,,,,,,,,,,,,34.41,32.47,,,,,,,,,
16-May-2015,20:00,16-May-2015,20:15,Maharashtra,Navi Mumbai,Airoli, Navi Mumbai - MPCB,0.68,294.73,,,,69.4,,,,,46.24,14.38,,,25.15,1.96,,,,,,,,,,,,,34.01,32.34,,,,,,,,,
16-May-2015,20:15,16-May-2015,20:30,Maharashtra,Navi Mumbai,Airoli, Navi Mumbai - MPCB,0.77,234.96,,,,69.96,,,,,46.24,14.38,,,25.11,1.98,,,,,,,,,,,,,33.31,32.2,,,,,,,,,
16-May-2015,20:30,16-May-2015,20:45,Maharashtra,Navi Mumbai,Airoli, Navi Mumbai - MPCB,0.63,235.04,,,,70.51,,,,,46.24,14.38,,,25.0,1.99,,,,,,,,,,,,,33.71,31.98,,,,,,,,,
16-May-2015,20:45,16-May-2015,21:00,Maharashtra,Navi Mumbai,Airoli, Navi Mumbai - MPCB,0.43,267.67,,,,71.9,,,,,46.24,14.38,,,25.28,2.01,,,,,,,,,,,,,33.38,31.95,,,,,,,,,
16-May-2015,21:00,16-May-2015,21:15,Maharashtra,Navi Mumbai,Airoli, Navi Mumbai - MPCB,0.72,220.47,,,,73.11,,,,,46.24,14.38,,,25.04,1.99,,,,,,,,,,,,,33.05,31.91,,,,,,,,,
16-May-2015,21:15,16-May-2015,21:30,Maharashtra,Navi Mumbai,Airoli, Navi Mumbai - MPCB,0.58,215.98,,,,73.72,,,,,46.24,14.38,,,25.0,1.99,,,,,,,,,,,,,32.83,31.83,,,,,,,,,
16-May-2015,21:30,16-May-2015,21:45,Maharashtra,Navi Mumbai,Airoli, Navi Mumbai - MPCB,0.58,256.42,,,,74.01,,,,,46.24,14.38,,,24.79,1.97,,,,,,,,,,,,,32.36,31.63,,,,,,,,,
16-May-2015,21:45,16-May-2015,22:00,Maharashtra,Navi Mumbai,Airoli, Navi Mumbai - MPCB,0.4,267.8,,,,74.26,,,,,46.24,14.38,,,24.98,1.98,,,,,,,,,,,,,32.28,31.52,,,,,,,,,
16-May-2015,22:00,16-May-2015,22:15,Maharashtra,Navi Mumbai,Airoli, Navi Mumbai - MPCB,0.58,246.94,,,,73.45,,,,,46.24,14.38,,,24.75,2.0,,,,,,,,,,,,,32.6,31.42,,,,,,,,,
16-May-2015,22:15,16-May-2015,22:30,Maharashtra,Navi Mumbai,Airoli, Navi Mumbai - MPCB,0.18,269.19,,,,73.73,,,,,46.24,14.38,,,24.95,2.0,,,,,,,,,,,,,32.3,31.42,,,,,,,,,
16-May-2015,22:30,16-May-2015,22:45,Maharashtra,Navi Mumbai,Airoli, Navi Mumbai - MPCB,0.57,234.66,,,,73.78,,,,,46.24,14.38,,,24.97,1.99,,,,,,,,,,,,,32.78,31.38,,,,,,,,,
16-May-2015,22:45,16-May-2015,23:00,Maharashtra,Navi Mumbai,Airoli, Navi Mumbai - MPCB,0.52,205.29,,,,73.42,,,,,46.24,14.38,,,24.95,2.04,,,,,,,,,,,,,32.77,31.36,,,,,,,,,
16-May-2015,23:00,16-May-2015,23:15,Maharashtra,Navi Mumbai,Airoli, Navi Mumbai - MPCB,0.44,227.43,,,,72.98,,,,,46.24,14.38,,,25.24,2.01,,,,,,,,,,,,,32.24,31.29,,,,,,,,,
16-May-2015,23:15,16-May-2015,23:30,Maharashtra,Navi Mumbai,Airoli, Navi Mumbai - MPCB,0.22,238.91,,,,73.43,,,,,46.24,14.38,,,25.21,1.98,,,,,,,,,,,,,31.81,31.3,,,,,,,,,
16-May-2015,23:30,16-May-2015,23:45,Maharashtra,Navi Mumbai,Airoli, Navi Mumbai - MPCB,0.38,246.65,,,,73.44,,,,,46.24,14.38,,,25.34,1.96,,,,,,,,,,,,,29.9,31.23,,,,,,,,,
16-May-2015,23:45,17-May-2015,00:00,Maharashtra,Navi Mumbai,Airoli, Navi Mumbai - MPCB,0.14,248.91,,,,73.56,,,,,46.24,14.38,,,25.11,1.92,,,,,,,,,,,,,29.57,31.32,,,,,,,,,
17-May-2015,00:00,17-May-2015,00:15,Maharashtra,Navi Mumbai,Airoli, Navi Mumbai - MPCB,0.07,241.99,,,,73.5,,,,,46.24,14.38,,,25.18,1.84,,,,,,,,,,,,,29.24,31.33,,,,,,,,,
17-May-2015,00:15,17-May-2015,00:30,Maharashtra,Navi Mumbai,Airoli, Navi Mumbai - MPCB,0.08,181.78,,,,73.86,,,,,46.24,14.38,,,25.06,1.84,,,,,,,,,,,,,28.45,31.28,,,,,,,,,
17-May-2015,00:30,17-May-2015,00:45,Maharashtra,Navi Mumbai,Airoli, Navi Mumbai - MPCB,0.09,180.85,,,,74.72,,,,,46.24,14.38,,,25.51,1.88,,,,,,,,,,,,,28.41,31.14,,,,,,,,,
17-May-2015,00:45,17-May-2015,01:00,Maharashtra,Navi Mumbai,Airoli, Navi Mumbai - MPCB,0.26,247.84,,,,75.46,,,,,46.24,14.38,,,25.59,1.83,,,,,,,,,,,,,28.21,31.1,,,,,,,,,
17-May-2015,01:00,17-May-2015,01:15,Maharashtra,Navi Mumbai,Airoli, Navi Mumbai - MPCB,0.15,234.92,,,,76.15,,,,,46.24,14.38,,,25.69,1.82,,,,,,,,,,,,,28.65,31.13,,,,,,,,,
17-May-2015,01:15,17-May-2015,01:30,Maharashtra,Navi Mumbai,Airoli, Navi Mumbai - MPCB,0.51,265.46,,,,76.67,,,,,46.24,14.38,,,25.57,1.85,,,,,,,,,,,,,28.93,31.02,,,,,,,,,
17-May-2015,01:30,17-May-2015,01:45,Maharashtra,Navi Mumbai,Airoli, Navi Mumbai - MPCB,0.43,235.33,,,,76.99,,,,,46.24,14.38,,,25.8,1.86,,,,,,,,,,,,,28.27,30.95,,,,,,,,,
17-May-2015,01:45,17-May-2015,02:00,Maharashtra,Navi Mumbai,Airoli, Navi Mumbai - MPCB,0.1,222.31,,,,77.43,,,,,46.24,14.38,,,25.56,1.81,,,,,,,,,,,,,28.61,30.93,,,,,,,,,
17-May-2015,02:00,17-May-2015,02:15,Maharashtra,Navi Mumbai,Airoli, Navi Mumbai - MPCB,0.05,207.62,,,,77.6,,,,,46.24,14.38,,,25.67,1.84,,,,,,,,,,,,,28.45,30.8,,,,,,,,,
17-May-2015,02:15,17-May-2015,02:30,Maharashtra,Navi Mumbai,Airoli, Navi Mumbai - MPCB,0.03,225.33,,,,78.17,,,,,46.24,14.38,,,26.03,1.84,,,,,,,,,,,,,28.98,30.7,,,,,,,,,
17-May-2015,02:30,17-May-2015,02:45,Maharashtra,Navi Mumbai,Airoli, Navi Mumbai - MPCB,0.08,212.87,,,,78.19,,,,,46.24,14.38,,,25.9,1.83,,,,,,,,,,,,,28.78,30.71,,,,,,,,,
17-May-2015,02:45,17-May-2015,03:00,Maharashtra,Navi Mumbai,Airoli, Navi Mumbai - MPCB,0.26,241.46,,,,77.32,,,,,46.24,14.38,,,25.78,1.86,,,,,,,,,,,,,28.65,30.77,,,,,,,,,
17-May-2015,03:00,17-May-2015,03:15,Maharashtra,Navi Mumbai,Airoli, Navi Mumbai - MPCB,0.15,200.89,,,,77.28,,,,,46.24,14.38,,,25.9,1.85,,,,,,,,,,,,,28.2,30.81,,,,,,,,,
17-May-2015,03:15,17-May-2015,03:30,Maharashtra,Navi Mumbai,Airoli, Navi Mumbai - MPCB,0.07,11.65,,,,77.42,,,,,46.24,14.38,,,25.77,1.84,,,,,,,,,,,,,28.34,30.61,,,,,,,,,
17-May-2015,03:30,17-May-2015,03:45,Maharashtra,Navi Mumbai,Airoli, Navi Mumbai - MPCB,0.13,194.28,,,,77.88,,,,,46.24,14.38,,,26.02,1.84,,,,,,,,,,,,,28.06,30.59,,,,,,,,,
17-May-2015,03:45,17-May-2015,04:00,Maharashtra,Navi Mumbai,Airoli, Navi Mumbai - MPCB,0.02,195.0,,,,77.98,,,,,46.24,14.38,,,25.88,1.87,,,,,,,,,,,,,28.8,30.63,,,,,,,,,
17-May-2015,04:00,17-May-2015,04:15,Maharashtra,Navi Mumbai,Airoli, Navi Mumbai - MPCB,,,,,,79.31,,,,,46.24,14.38,,,25.97,1.85,,,,,,,,,,,,,28.02,30.48,,,,,,,,,
17-May-2015,04:15,17-May-2015,04:30,Maharashtra,Navi Mumbai,Airoli, Navi Mumbai - MPCB,0.09,245.68,,,,80.3,,,,,46.24,14.38,,,25.7,1.87,,,,,,,,,,,,,28.73,30.18,,,,,,,,,
17-May-2015,04:30,17-May-2015,04:45,Maharashtra,Navi Mumbai,Airoli, Navi Mumbai - MPCB,0.07,229.45,,,,80.09,,,,,46.24,14.38,,,26.02,1.84,,,,,,,,,,,,,28.88,30.22,,,,,,,,,
17-May-2015,04:45,17-May-2015,05:00,Maharashtra,Navi Mumbai,Airoli, Navi Mumbai - MPCB,0.05,255.67,,,,79.85,,,,,46.24,14.38,,,25.9,1.88,,,,,,,,,,,,,28.67,30.33,,,,,,,,,
17-May-2015,05:00,17-May-2015,05:15,Maharashtra,Navi Mumbai,Airoli, Navi Mumbai - MPCB,0.17,286.62,,,,79.9,,,,,46.24,14.38,,,25.71,1.85,,,,,,,,,,,,,28.87,30.36,,,,,,,,,
17-May-2015,05:15,17-May-2015,05:30,Maharashtra,Navi Mumbai,Airoli, Navi Mumbai - MPCB,0.05,238.08,,,,80.09,,,,,46.24,14.38,,,25.94,1.84,,,,,,,,,,,,,28.71,30.27,,,,,,,,,
17-May-2015,05:30,17-May-2015,05:45,Maharashtra,Navi Mumbai,Airoli, Navi Mumbai - MPCB,0.03,208.8,,,,80.63,,,,,46.24,14.38,,,25.68,1.89,,,,,,,,,,,,,28.44,30.15,,,,,,,,,
17-May-2015,05:45,17-May-2015,06:00,Maharashtra,Navi Mumbai,Airoli, Navi Mumbai - MPCB,0.09,311.29,,,,81.11,,,,,46.24,14.38,,,25.97,1.86,,,,,,,,,,,,,29.32,30.06,,,,,,,,,
17-May-2015,06:00,17-May-2015,06:15,Maharashtra,Navi Mumbai,Airoli, Navi Mumbai - MPCB,0.15,260.9,,,,80.95,,,,,46.24,14.38,,,25.78,1.88,,,,,,,,,,,,,30.07,30.11,,,,,,,,,
17-May-2015,06:15,17-May-2015,06:30,Maharashtra,Navi Mumbai,Airoli, Navi Mumbai - MPCB,0.64,252.19,,,,80.87,,,,,46.24,14.38,,,25.87,1.92,,,,,,,,,,,,,30.83,29.93,,,,,,,,,
17-May-2015,06:30,17-May-2015,06:45,Maharashtra,Navi Mumbai,Airoli, Navi Mumbai - MPCB,0.31,301.07,,,,81.07,0.03,,,,46.24,14.38,,,26.17,1.91,,,,,,,,,,,,,30.56,29.78,,,,,,,,,
17-May-2015,06:45,17-May-2015,07:00,Maharashtra,Navi Mumbai,Airoli, Navi Mumbai - MPCB,0.1,309.66,,,,80.81,7.1,,,,46.24,14.38,,,25.38,1.91,,,,,,,,,,,,,30.5,29.78,,,,,,,,,
17-May-2015,07:00,17-May-2015,07:15,Maharashtra,Navi Mumbai,Airoli, Navi Mumbai - MPCB,0.17,311.12,,,,80.0,40.99,,,,46.24,14.38,,,25.47,1.9,,,,,,,,,,,,,30.49,29.86,,,,,,,,,
17-May-2015,07:15,17-May-2015,07:30,Maharashtra,Navi Mumbai,Airoli, Navi Mumbai - MPCB,0.4,263.37,,,,78.75,42.18,,,,46.24,14.38,,,25.43,1.92,,,,,,,,,,,,,30.49,30.1,,,,,,,,,
17-May-2015,07:30,17-May-2015,07:45,Maharashtra,Navi Mumbai,Airoli, Navi Mumbai - MPCB,0.29,278.25,,,,78.25,60.5,,,,46.24,14.38,,,25.4,1.94,,,,,,,,,,,,,31.21,30.1,,,,,,,,,
17-May-2015,07:45,17-May-2015,08:00,Maharashtra,Navi Mumbai,Airoli, Navi Mumbai - MPCB,0.36,259.49,,,,77.47,150.88,,,,46.24,14.38,,,25.41,1.96,,,,,,,,,,,,,30.55,30.28,,,,,,,,,
17-May-2015,08:00,17-May-2015,08:15,Maharashtra,Navi Mumbai,Airoli, Navi Mumbai - MPCB,0.32,283.47,,,,76.06,211.62,,,,46.24,14.38,,,25.24,1.96,,,,,,,,,,,,,30.27,30.61,,,,,,,,,
17-May-2015,08:15,17-May-2015,08:30,Maharashtra,Navi Mumbai,Airoli, Navi Mumbai - MPCB,0.16,275.56,,,,74.62,233.01,,,,46.24,14.38,,,25.36,1.97,,,,,,,,,,,,,30.95,30.94,,,,,,,,,
17-May-2015,08:30,17-May-2015,08:45,Maharashtra,Navi Mumbai,Airoli, Navi Mumbai - MPCB,0.2,253.64,,,,72.41,337.89,,,,46.24,14.38,,,24.94,1.97,,,,,,,,,,,,,30.93,31.39,,,,,,,,,
17-May-2015,08:45,17-May-2015,09:00,Maharashtra,Navi Mumbai,Airoli, Navi Mumbai - MPCB,0.28,320.32,,,,71.17,261.47,,,,46.24,14.38,,,24.99,1.96,,,,,,,,,,,,,31.21,31.51,,,,,,,,,
17-May-2015,09:00,17-May-2015,09:15,Maharashtra,Navi Mumbai,Airoli, Navi Mumbai - MPCB,0.26,250.9,,,,71.37,282.33,,,,46.24,14.38,,,25.22,1.97,,,,,,,,,,,,,30.7,31.47,,,,,,,,,
17-May-2015,09:15,17-May-2015,09:30,Maharashtra,Navi Mumbai,Airoli, Navi Mumbai - MPCB,0.15,238.34,,,,69.63,375.17,,,,46.24,14.38,,,24.77,1.95,,,,,,,,,,,,,30.62,31.63,,,,,,,,,
17-May-2015,09:30,17-May-2015,09:45,Maharashtra,Navi Mumbai,Airoli, Navi Mumbai - MPCB,0.46,278.97,,,,65.4,495.96,,,,46.24,14.38,,,24.97,1.98,,,,,,,,,,,,,30.33,32.21,,,,,,,,,
17-May-2015,09:45,17-May-2015,10:00,Maharashtra,Navi Mumbai,Airoli, Navi Mumbai - MPCB,0.42,280.96,,,,64.0,526.49,,,,46.24,14.38,,,25.07,1.95,,,,,,,,,,,,,30.76,32.93,,,,,,,,,
17-May-2015,10:00,17-May-2015,10:15,Maharashtra,Navi Mumbai,Airoli, Navi Mumbai - MPCB,0.36,239.83,,,,64.28,573.8,,,,46.24,14.38,,,24.98,1.95,,,,,,,,,,,,,30.19,33.14,,,,,,,,,
17-May-2015,10:15,17-May-2015,10:30,Maharashtra,Navi Mumbai,Airoli, Navi Mumbai - MPCB,0.26,268.62,,,,61.03,604.64,,,,46.24,14.38,,,24.87,1.92,,,,,,,,,,,,,29.59,33.56,,,,,,,,,
17-May-2015,10:30,17-May-2015,10:45,Maharashtra,Navi Mumbai,Airoli, Navi Mumbai - MPCB,0.15,311.07,,,,59.48,644.77,,,,46.24,14.38,,,25.09,1.92,,,,,,,,,,,,,29.73,33.82,,,,,,,,,
17-May-2015,10:45,17-May-2015,11:00,Maharashtra,Navi Mumbai,Airoli, Navi Mumbai - MPCB,0.24,276.39,,,,56.84,686.72,,,,46.24,14.38,,,25.08,1.95,,,,,,,,,,,,,29.91,34.26,,,,,,,,,
17-May-2015,11:00,17-May-2015,11:15,Maharashtra,Navi Mumbai,Airoli, Navi Mumbai - MPCB,0.23,229.33,,,,55.33,713.43,,,,46.24,14.38,,,24.95,1.94,,,,,,,,,,,,,29.94,34.64,,,,,,,,,
17-May-2015,11:15,17-May-2015,11:30,Maharashtra,Navi Mumbai,Airoli, Navi Mumbai - MPCB,0.25,252.22,,,,50.61,738.7,,,,46.24,14.38,,,25.02,1.94,,,,,,,,,,,,,29.97,35.6,,,,,,,,,
17-May-2015,11:30,17-May-2015,11:45,Maharashtra,Navi Mumbai,Airoli, Navi Mumbai - MPCB,0.26,287.66,,,,48.3,764.88,,,,46.24,14.38,,,25.19,1.93,,,,,,,,,,,,,29.97,35.51,,,,,,,,,
17-May-2015,11:45,17-May-2015,12:00,Maharashtra,Navi Mumbai,Airoli, Navi Mumbai - MPCB,0.31,304.98,,,,46.41,781.28,,,,46.24,14.38,,,24.9,1.94,,,,,,,,,,,,,29.47,36.36,,,,,,,,,
17-May-2015,12:00,17-May-2015,12:15,Maharashtra,Navi Mumbai,Airoli, Navi Mumbai - MPCB,0.57,226.91,,,,49.66,798.17,,,,46.24,14.38,,,25.16,1.93,,,,,,,,,,,,,28.9,36.31,,,,,,,,,
17-May-2015,12:15,17-May-2015,12:30,Maharashtra,Navi Mumbai,Airoli, Navi Mumbai - MPCB,0.78,270.13,,,,52.7,798.9,,,,46.24,14.38,,,25.28,1.87,,,,,,,,,,,,,28.3,36.27,,,,,,,,,
17-May-2015,12:30,17-May-2015,12:45,Maharashtra,Navi Mumbai,Airoli, Navi Mumbai - MPCB,0.98,254.16,,,,54.29,786.74,,,,46.24,14.38,,,25.17,1.87,,,,,,,,,,,,,27.9,36.21,,,,,,,,,
17-May-2015,12:45,17-May-2015,13:00,Maharashtra,Navi Mumbai,Airoli, Navi Mumbai - MPCB,0.54,196.76,,,,56.36,762.53,,,,46.24,14.38,,,25.37,1.86,,,,,,,,,,,,,27.59,36.36,,,,,,,,,
17-May-2015,13:00,17-May-2015,13:15,Maharashtra,Navi Mumbai,Airoli, Navi Mumbai - MPCB,0.64,254.81,,,,56.56,735.97,,,,46.24,14.38,,,25.53,1.86,,,,,,,,,,,,,27.02,36.31,,,,,,,,,
17-May-2015,13:15,17-May-2015,13:30,Maharashtra,Navi Mumbai,Airoli, Navi Mumbai - MPCB,0.42,185.05,,,,56.4,706.73,,,,46.24,14.38,,,25.52,1.84,,,,,,,,,,,,,27.23,36.18,,,,,,,,,
17-May-2015,13:30,17-May-2015,13:45,Maharashtra,Navi Mumbai,Airoli, Navi Mumbai - MPCB,0.78,248.24,,,,57.19,652.67,,,,46.24,14.38,,,25.64,1.89,,,,,,,,,,,,,26.74,36.04,,,,,,,,,
17-May-2015,13:45,17-May-2015,14:00,Maharashtra,Navi Mumbai,Airoli, Navi Mumbai - MPCB,0.78,233.74,,,,58.01,597.9,,,,46.24,14.38,,,25.68,1.87,,,,,,,,,,,,,27.06,35.91,,,,,,,,,
17-May-2015,14:00,17-May-2015,14:15,Maharashtra,Navi Mumbai,Airoli, Navi Mumbai - MPCB,1.12,298.6,,,,58.2,564.49,,,,46.24,14.38,,,25.93,1.87,,,,,,,,,,,,,27.34,35.73,,,,,,,,,
17-May-2015,14:15,17-May-2015,14:30,Maharashtra,Navi Mumbai,Airoli, Navi Mumbai - MPCB,1.15,251.42,,,,58.69,555.67,,,,46.24,14.38,,,25.91,1.88,,,,,,,,,,,,,26.34,35.53,,,,,,,,,
17-May-2015,14:30,17-May-2015,14:45,Maharashtra,Navi Mumbai,Airoli, Navi Mumbai - MPCB,0.89,270.77,,,,58.56,374.94,,,,46.24,14.38,,,25.63,1.83,,,,,,,,,,,,,26.27,35.56,,,,,,,,,
17-May-2015,14:45,17-May-2015,15:00,Maharashtra,Navi Mumbai,Airoli, Navi Mumbai - MPCB,0.61,242.68,,,,57.79,316.74,,,,46.24,14.38,,,25.63,1.86,,,,,,,,,,,,,26.32,35.63,,,,,,,,,
17-May-2015,15:00,17-May-2015,15:15,Maharashtra,Navi Mumbai,Airoli, Navi Mumbai - MPCB,0.58,208.95,,,,57.79,186.36,,,,46.24,14.38,,,25.78,1.86,,,,,,,,,,,,,25.91,35.74,,,,,,,,,
17-May-2015,15:15,17-May-2015,15:30,Maharashtra,Navi Mumbai,Airoli, Navi Mumbai - MPCB,0.59,236.64,,,,57.99,280.17,,,,46.24,14.38,,,25.7,1.86,,,,,,,,,,,,,26.31,35.69,,,,,,,,,
17-May-2015,15:30,17-May-2015,15:45,Maharashtra,Navi Mumbai,Airoli, Navi Mumbai - MPCB,0.7,294.68,,,,59.55,158.36,,,,46.24,14.38,,,26.0,1.9,,,,,,,,,,,,,26.1,35.22,,,,,,,,,
17-May-2015,15:45,17-May-2015,16:00,Maharashtra,Navi Mumbai,Airoli, Navi Mumbai - MPCB,1.07,219.56,,,,60.05,119.56,,,,46.24,14.38,,,25.74,1.87,,,,,,,,,,,,,26.66,35.18,,,,,,,,,
17-May-2015,16:00,17-May-2015,16:15,Maharashtra,Navi Mumbai,Airoli, Navi Mumbai - MPCB,0.75,256.83,,,,60.49,76.84,,,,46.24,14.38,,,25.82,1.87,,,,,,,,,,,,,26.56,34.99,,,,,,,,,
17-May-2015,16:15,17-May-2015,16:30,Maharashtra,Navi Mumbai,Airoli, Navi Mumbai - MPCB,0.63,264.05,,,,61.14,70.63,,,,46.24,14.38,,,25.73,1.87,,,,,,,,,,,,,26.36,34.95,,,,,,,,,
17-May-2015,16:30,17-May-2015,16:45,Maharashtra,Navi Mumbai,Airoli, Navi Mumbai - MPCB,0.74,257.44,,,,62.61,130.09,,,,46.24,14.38,,,25.74,1.86,,,,,,,,,,,,,26.45,34.59,,,,,,,,,
17-May-2015,16:45,17-May-2015,17:00,Maharashtra,Navi Mumbai,Airoli, Navi Mumbai - MPCB,1.15,261.7,,,,63.48,67.45,,,,46.24,14.38,,,25.84,1.85,,,,,,,,,,,,,26.83,34.38,,,,,,,,,
17-May-2015,17:00,17-May-2015,17:15,Maharashtra,Navi Mumbai,Airoli, Navi Mumbai - MPCB,1.07,195.48,,,,64.29,46.6,,,,46.24,14.38,,,26.12,1.89,,,,,,,,,,,,,26.89,34.1,,,,,,,,,
17-May-2015,17:15,17-May-2015,17:30,Maharashtra,Navi Mumbai,Airoli, Navi Mumbai - MPCB,0.16,221.43,,,,64.35,39.42,,,,46.24,14.38,,,25.72,1.86,,,,,,,,,,,,,26.68,34.09,,,,,,,,,
17-May-2015,17:30,17-May-2015,17:45,Maharashtra,Navi Mumbai,Airoli, Navi Mumbai - MPCB,0.33,266.65,,,,63.59,32.36,,,,46.24,14.38,,,25.99,1.86,,,,,,,,,,,,,26.13,34.14,,,,,,,,,
17-May-2015,17:45,17-May-2015,18:00,Maharashtra,Navi Mumbai,Airoli, Navi Mumbai - MPCB,0.25,276.75,,,,63.21,24.79,,,,46.24,14.38,,,25.86,1.88,,,,,,,,,,,,,26.07,33.97,,,,,,,,,
17-May-2015,18:00,17-May-2015,18:15,Maharashtra,Navi Mumbai,Airoli, Navi Mumbai - MPCB,0.31,205.89,,,,64.94,19.39,,,,46.24,14.38,,,25.87,1.87,,,,,,,,,,,,,25.93,33.67,,,,,,,,,
17-May-2015,18:15,17-May-2015,18:30,Maharashtra,Navi Mumbai,Airoli, Navi Mumbai - MPCB,0.08,201.24,,,,66.56,12.54,,,,46.24,14.38,,,25.79,1.88,,,,,,,,,,,,,26.09,33.44,,,,,,,,,
17-May-2015,18:30,17-May-2015,18:45,Maharashtra,Navi Mumbai,Airoli, Navi Mumbai - MPCB,0.04,303.3,,,,66.4,2.77,,,,46.24,14.38,,,25.79,1.89,,,,,,,,,,,,,26.73,33.14,,,,,,,,,
17-May-2015,18:45,17-May-2015,19:00,Maharashtra,Navi Mumbai,Airoli, Navi Mumbai - MPCB,0.04,48.05,,,,66.79,0.21,,,,46.24,14.38,,,26.15,1.89,,,,,,,,,,,,,27.35,32.86,,,,,,,,,
17-May-2015,19:00,17-May-2015,19:15,Maharashtra,Navi Mumbai,Airoli, Navi Mumbai - MPCB,0.07,51.01,,,,67.93,,,,,46.24,14.38,,,25.96,1.9,,,,,,,,,,,,,28.21,32.44,,,,,,,,,
17-May-2015,19:15,17-May-2015,19:30,Maharashtra,Navi Mumbai,Airoli, Navi Mumbai - MPCB,0.07,241.44,,,,66.64,,,,,46.24,14.38,,,25.92,1.93,,,,,,,,,,,,,28.11,32.07,,,,,,,,,
17-May-2015,19:30,17-May-2015,19:45,Maharashtra,Navi Mumbai,Airoli, Navi Mumbai - MPCB,0.2,202.93,,,,63.84,,,,,46.24,14.38,,,25.68,1.94,,,,,,,,,,,,,28.92,31.96,,,,,,,,,
17-May-2015,19:45,17-May-2015,20:00,Maharashtra,Navi Mumbai,Airoli, Navi Mumbai - MPCB,0.06,215.07,,,,63.01,,,,,46.24,14.38,,,25.8,1.92,,,,,,,,,,,,,27.9,31.84,,,,,,,,,
17-May-2015,20:00,17-May-2015,20:15,Maharashtra,Navi Mumbai,Airoli, Navi Mumbai - MPCB,0.09,274.5,,,,64.16,,,,,46.24,14.38,,,25.37,1.96,,,,,,,,,,,,,28.55,31.68,,,,,,,,,
17-May-2015,20:15,17-May-2015,20:30,Maharashtra,Navi Mumbai,Airoli, Navi Mumbai - MPCB,0.06,342.3,,,,65.88,,,,,46.24,14.38,,,25.16,1.95,,,,,,,,,,,,,29.07,31.61,,,,,,,,,
17-May-2015,20:30,17-May-2015,20:45,Maharashtra,Navi Mumbai,Airoli, Navi Mumbai - MPCB,0.21,236.39,,,,67.2,,,,,46.24,14.38,,,25.26,1.94,,,,,,,,,,,,,28.87,31.4,,,,,,,,,
17-May-2015,20:45,17-May-2015,21:00,Maharashtra,Navi Mumbai,Airoli, Navi Mumbai - MPCB,0.04,248.09,,,,66.98,,,,,46.24,14.38,,,25.06,1.92,,,,,,,,,,,,,27.8,31.31,,,,,,,,,
17-May-2015,21:00,17-May-2015,21:15,Maharashtra,Navi Mumbai,Airoli, Navi Mumbai - MPCB,,,,,,68.2,,,,,46.24,14.38,,,25.08,1.96,,,,,,,,,,,,,28.73,31.13,,,,,,,,,
17-May-2015,21:15,17-May-2015,21:30,Maharashtra,Navi Mumbai,Airoli, Navi Mumbai - MPCB,,,,,,69.62,,,,,46.24,14.38,,,24.91,1.99,,,,,,,,,,,,,28.27,31.02,,,,,,,,,
17-May-2015,21:30,17-May-2015,21:45,Maharashtra,Navi Mumbai,Airoli, Navi Mumbai - MPCB,,,,,,70.97,,,,,46.24,14.38,,,25.1,1.94,,,,,,,,,,,,,28.57,30.96,,,,,,,,,
17-May-2015,21:45,17-May-2015,22:00,Maharashtra,Navi Mumbai,Airoli, Navi Mumbai - MPCB,,,,,,72.29,,,,,46.24,14.38,,,24.95,1.97,,,,,,,,,,,,,28.19,30.8,,,,,,,,,
17-May-2015,22:00,17-May-2015,22:15,Maharashtra,Navi Mumbai,Airoli, Navi Mumbai - MPCB,,,,,,73.68,,,,,46.24,14.38,,,24.8,1.98,,,,,,,,,,,,,28.14,30.63,,,,,,,,,
17-May-2015,22:15,17-May-2015,22:30,Maharashtra,Navi Mumbai,Airoli, Navi Mumbai - MPCB,,,,,,74.98,,,,,46.24,14.38,,,24.96,1.98,,,,,,,,,,,,,28.58,30.39,,,,,,,,,
17-May-2015,22:30,17-May-2015,22:45,Maharashtra,Navi Mumbai,Airoli, Navi Mumbai - MPCB,,,,,,76.2,,,,,46.24,14.38,,,25.13,1.95,,,,,,,,,,,,,28.22,30.29,,,,,,,,,
17-May-2015,22:45,17-May-2015,23:00,Maharashtra,Navi Mumbai,Airoli, Navi Mumbai - MPCB,,,,,,77.08,,,,,46.24,14.38,,,24.95,1.95,,,,,,,,,,,,,28.36,30.38,,,,,,,,,
17-May-2015,23:00,17-May-2015,23:15,Maharashtra,Navi Mumbai,Airoli, Navi Mumbai - MPCB,0.03,53.4,,,,77.36,,,,,46.24,14.38,,,24.96,1.96,,,,,,,,,,,,,28.49,30.44,,,,,,,,,
17-May-2015,23:15,17-May-2015,23:30,Maharashtra,Navi Mumbai,Airoli, Navi Mumbai - MPCB,,,,,,77.64,,,,,46.24,14.38,,,24.83,1.99,,,,,,,,,,,,,27.74,30.29,,,,,,,,,
17-May-2015,23:30,17-May-2015,23:45,Maharashtra,Navi Mumbai,Airoli, Navi Mumbai - MPCB,,,,,,77.84,,,,,46.24,14.38,,,25.04,1.99,,,,,,,,,,,,,27.8,30.16,,,,,,,,,
17-May-2015,23:45,18-May-2015,00:00,Maharashtra,Navi Mumbai,Airoli, Navi Mumbai - MPCB,0.03,116.0,,,,77.77,,,,,46.24,14.38,,,24.92,1.99,,,,,,,,,,,,,27.92,30.08,,,,,,,,,
18-May-2015,00:00,18-May-2015,00:15,Maharashtra,Navi Mumbai,Airoli, Navi Mumbai - MPCB,0.03,213.0,,,,76.5,,,,,46.24,14.38,,,25.07,1.99,,,,,,,,,,,,,27.45,30.36,,,,,,,,,
18-May-2015,00:15,18-May-2015,00:30,Maharashtra,Navi Mumbai,Airoli, Navi Mumbai - MPCB,0.07,23.0,,,,76.52,,,,,46.24,14.38,,,24.88,1.99,,,,,,,,,,,,,27.84,30.31,,,,,,,,,
18-May-2015,00:30,18-May-2015,00:45,Maharashtra,Navi Mumbai,Airoli, Navi Mumbai - MPCB,,,,,,77.21,,,,,46.24,14.38,,,25.0,1.96,,,,,,,,,,,,,27.97,30.06,,,,,,,,,
18-May-2015,00:45,18-May-2015,01:00,Maharashtra,Navi Mumbai,Airoli, Navi Mumbai - MPCB,,,,,,77.99,,,,,46.24,14.38,,,24.95,1.92,,,,,,,,,,,,,26.57,30.14,,,,,,,,,
18-May-2015,01:00,18-May-2015,01:15,Maharashtra,Navi Mumbai,Airoli, Navi Mumbai - MPCB,,,,,,78.53,,,,,46.24,14.38,,,25.09,1.92,,,,,,,,,,,,,26.02,30.1,,,,,,,,,
18-May-2015,01:15,18-May-2015,01:30,Maharashtra,Navi Mumbai,Airoli, Navi Mumbai - MPCB,,,,,,78.84,,,,,46.24,14.38,,,25.11,1.92,,,,,,,,,,,,,25.46,30.0,,,,,,,,,
18-May-2015,01:30,18-May-2015,01:45,Maharashtra,Navi Mumbai,Airoli, Navi Mumbai - MPCB,,,,,,79.11,,,,,46.24,14.38,,,25.23,1.91,,,,,,,,,,,,,25.55,29.99,,,,,,,,,
18-May-2015,01:45,18-May-2015,02:00,Maharashtra,Navi Mumbai,Airoli, Navi Mumbai - MPCB,,,,,,79.29,,,,,46.24,14.38,,,25.48,1.87,,,,,,,,,,,,,25.52,29.93,,,,,,,,,
18-May-2015,02:00,18-May-2015,02:15,Maharashtra,Navi Mumbai,Airoli, Navi Mumbai - MPCB,,,,,,79.66,,,,,46.24,14.38,,,25.44,1.86,,,,,,,,,,,,,24.71,29.87,,,,,,,,,
18-May-2015,02:15,18-May-2015,02:30,Maharashtra,Navi Mumbai,Airoli, Navi Mumbai - MPCB,,,,,,80.05,,,,,46.24,14.38,,,25.81,1.87,,,,,,,,,,,,,25.31,29.78,,,,,,,,,
18-May-2015,02:30,18-May-2015,02:45,Maharashtra,Navi Mumbai,Airoli, Navi Mumbai - MPCB,,,,,,80.15,,,,,46.24,14.38,,,25.82,1.89,,,,,,,,,,,,,25.18,29.53,,,,,,,,,
18-May-2015,02:45,18-May-2015,03:00,Maharashtra,Navi Mumbai,Airoli, Navi Mumbai - MPCB,,,,,,80.39,,,,,46.24,14.38,,,25.84,1.9,,,,,,,,,,,,,25.09,29.38,,,,,,,,,
18-May-2015,03:00,18-May-2015,03:15,Maharashtra,Navi Mumbai,Airoli, Navi Mumbai - MPCB,,,,,,81.3,,,,,46.24,14.38,,,25.91,1.89,,,,,,,,,,,,,24.57,29.24,,,,,,,,,
18-May-2015,03:15,18-May-2015,03:30,Maharashtra,Navi Mumbai,Airoli, Navi Mumbai - MPCB,0.01,27.0,,,,82.05,,,,,46.24,14.38,,,25.87,1.88,,,,,,,,,,,,,24.73,29.14,,,,,,,,,
18-May-2015,03:30,18-May-2015,03:45,Maharashtra,Navi Mumbai,Airoli, Navi Mumbai - MPCB,,,,,,82.08,,,,,46.24,14.38,,,25.81,1.9,,,,,,,,,,,,,25.1,29.08,,,,,,,,,
18-May-2015,03:45,18-May-2015,04:00,Maharashtra,Navi Mumbai,Airoli, Navi Mumbai - MPCB,,,,,,82.67,,,,,46.24,14.38,,,26.05,1.94,,,,,,,,,,,,,25.51,28.96,,,,,,,,,
18-May-2015,04:00,18-May-2015,04:15,Maharashtra,Navi Mumbai,Airoli, Navi Mumbai - MPCB,,,,,,83.16,,,,,46.24,14.38,,,25.93,1.9,,,,,,,,,,,,,25.06,28.86,,,,,,,,,
18-May-2015,04:15,18-May-2015,04:30,Maharashtra,Navi Mumbai,Airoli, Navi Mumbai - MPCB,,,,,,83.58,,,,,46.24,14.38,,,25.92,1.93,,,,,,,,,,,,,25.34,28.79,,,,,,,,,
18-May-2015,04:30,18-May-2015,04:45,Maharashtra,Navi Mumbai,Airoli, Navi Mumbai - MPCB,,,,,,83.86,,,,,46.24,14.38,,,26.14,1.94,,,,,,,,,,,,,25.69,28.72,,,,,,,,,
18-May-2015,04:45,18-May-2015,05:00,Maharashtra,Navi Mumbai,Airoli, Navi Mumbai - MPCB,,,,,,84.36,,,,,15.41,4.79,,,25.81,1.91,,,,,,,,,,,,,25.5,28.61,,,,,,,,,
18-May-2015,05:00,18-May-2015,05:15,Maharashtra,Navi Mumbai,Airoli, Navi Mumbai - MPCB,,,,,,84.77,,,,,,,,,25.75,1.9,,,,,,,,,,,,,25.59,28.56,,,,,,,,,
18-May-2015,05:15,18-May-2015,05:30,Maharashtra,Navi Mumbai,Airoli, Navi Mumbai - MPCB,,,,,,85.01,,,,,0.02,0.99,,,25.79,1.94,,,,,,,,,,,,,25.71,28.46,,,,,,,,,
18-May-2015,05:30,18-May-2015,05:45,Maharashtra,Navi Mumbai,Airoli, Navi Mumbai - MPCB,,,,,,85.36,,,,,29.05,10.94,,,25.87,1.93,,,,,,,,,,,,,25.39,28.43,,,,,,,,,
18-May-2015,05:45,18-May-2015,06:00,Maharashtra,Navi Mumbai,Airoli, Navi Mumbai - MPCB,,,,,,85.68,,,,,83.98,21.93,,,25.99,1.91,,,,,,,,,,,,,25.75,28.64,,,,,,,,,
18-May-2015,06:00,18-May-2015,06:15,Maharashtra,Navi Mumbai,Airoli, Navi Mumbai - MPCB,,,,,,85.65,,,,,108.02,26.74,,,25.98,1.91,,,,,,,,,,,,,25.39,28.52,,,,,,,,,
18-May-2015,06:15,18-May-2015,06:30,Maharashtra,Navi Mumbai,Airoli, Navi Mumbai - MPCB,,,,,,85.67,,,,,118.19,28.77,,,25.86,1.95,,,,,,,,,,,,,25.65,28.5,,,,,,,,,
18-May-2015,06:30,18-May-2015,06:45,Maharashtra,Navi Mumbai,Airoli, Navi Mumbai - MPCB,,,,,,85.42,,,,,123.55,29.84,,,26.14,1.95,,,,,,,,,,,,,25.45,28.64,,,,,,,,,
18-May-2015,06:45,18-May-2015,07:00,Maharashtra,Navi Mumbai,Airoli, Navi Mumbai - MPCB,,,,,,84.93,10.31,,,,125.78,30.29,,,25.73,1.96,,,,,,,,,,,,,26.2,28.85,,,,,,,,,
18-May-2015,07:00,18-May-2015,07:15,Maharashtra,Navi Mumbai,Airoli, Navi Mumbai - MPCB,,,,,,83.96,39.0,,,,152.32,35.6,,,26.01,1.97,,,,,,,,,,,,,25.49,29.26,,,,,,,,,
18-May-2015,07:15,18-May-2015,07:30,Maharashtra,Navi Mumbai,Airoli, Navi Mumbai - MPCB,0.12,269.6,,,,81.94,70.97,,,,191.95,43.52,,,25.79,1.95,,,,,,,,,,,,,26.61,29.8,,,,,,,,,
18-May-2015,07:30,18-May-2015,07:45,Maharashtra,Navi Mumbai,Airoli, Navi Mumbai - MPCB,0.15,287.8,,,,79.7,121.83,,,,184.97,42.13,,,25.83,1.97,,,,,,,,,,,,,26.64,30.14,,,,,,,,,
18-May-2015,07:45,18-May-2015,08:00,Maharashtra,Navi Mumbai,Airoli, Navi Mumbai - MPCB,0.31,239.19,,,,78.63,193.12,,,,143.39,33.81,,,25.72,1.98,,,,,,,,,,,,,27.65,30.36,,,,,,,,,
18-May-2015,08:00,18-May-2015,08:15,Maharashtra,Navi Mumbai,Airoli, Navi Mumbai - MPCB,0.37,250.25,,,,77.74,250.57,,,,111.19,27.37,,,25.53,1.98,,,,,,,,,,,,,27.7,30.55,,,,,,,,,
18-May-2015,08:15,18-May-2015,08:30,Maharashtra,Navi Mumbai,Airoli, Navi Mumbai - MPCB,0.07,172.56,,,,75.35,270.25,,,,125.79,30.29,,,25.44,2.0,,,,,,,,,,,,,27.48,31.04,,,,,,,,,
18-May-2015,08:30,18-May-2015,08:45,Maharashtra,Navi Mumbai,Airoli, Navi Mumbai - MPCB,0.31,225.18,,,,73.44,334.43,,,,147.02,34.54,,,25.74,2.02,,,,,,,,,,,,,28.04,31.16,,,,,,,,,
18-May-2015,08:45,18-May-2015,09:00,Maharashtra,Navi Mumbai,Airoli, Navi Mumbai - MPCB,0.09,3.51,,,,71.29,385.01,,,,144.7,34.07,,,25.43,2.0,,,,,,,,,,,,,27.8,31.48,,,,,,,,,
18-May-2015,09:00,18-May-2015,09:15,Maharashtra,Navi Mumbai,Airoli, Navi Mumbai - MPCB,0.12,276.53,,,,68.91,448.75,,,,120.67,29.27,,,25.23,2.02,,,,,,,,,,,,,27.44,31.78,,,,,,,,,
18-May-2015,09:15,18-May-2015,09:30,Maharashtra,Navi Mumbai,Airoli, Navi Mumbai - MPCB,0.11,253.62,,,,66.5,462.96,,,,68.38,18.81,,,25.17,2.03,,,,,,,,,,,,,27.97,32.26,,,,,,,,,
18-May-2015,09:30,18-May-2015,09:45,Maharashtra,Navi Mumbai,Airoli, Navi Mumbai - MPCB,0.26,216.0,,,,66.88,458.24,,,,79.59,21.05,,,25.19,2.0,,,,,,,,,,,,,27.74,32.5,,,,,,,,,
18-May-2015,09:45,18-May-2015,10:00,Maharashtra,Navi Mumbai,Airoli, Navi Mumbai - MPCB,0.22,247.33,,,,66.03,522.19,,,,109.6,27.05,,,25.16,1.99,,,,,,,,,,,,,28.01,32.67,,,,,,,,,
18-May-2015,10:00,18-May-2015,10:15,Maharashtra,Navi Mumbai,Airoli, Navi Mumbai - MPCB,0.13,225.67,,,,62.55,556.2,,,,126.67,30.47,,,25.14,2.0,,,,,,,,,,,,,27.66,33.19,,,,,,,,,
18-May-2015,10:15,18-May-2015,10:30,Maharashtra,Navi Mumbai,Airoli, Navi Mumbai - MPCB,0.39,271.67,,,,60.8,597.41,,,,92.16,23.56,,,25.26,1.99,,,,,,,,,,,,,27.25,33.31,,,,,,,,,
18-May-2015,10:30,18-May-2015,10:45,Maharashtra,Navi Mumbai,Airoli, Navi Mumbai - MPCB,0.34,286.83,,,,59.51,637.93,,,,88.45,22.82,,,24.98,1.99,,,,,,,,,,,,,27.39,33.65,,,,,,,,,
18-May-2015,10:45,18-May-2015,11:00,Maharashtra,Navi Mumbai,Airoli, Navi Mumbai - MPCB,0.25,225.29,,,,56.66,672.74,,,,93.47,23.83,,,24.93,1.98,,,,,,,,,,,,,27.44,33.99,,,,,,,,,
18-May-2015,11:00,18-May-2015,11:15,Maharashtra,Navi Mumbai,Airoli, Navi Mumbai - MPCB,0.26,291.96,,,,56.08,692.66,,,,82.72,21.68,,,25.06,1.99,,,,,,,,,,,,,27.54,34.19,,,,,,,,,
18-May-2015,11:15,18-May-2015,11:30,Maharashtra,Navi Mumbai,Airoli, Navi Mumbai - MPCB,0.26,249.9,,,,54.2,717.18,,,,63.66,17.86,,,24.99,1.98,,,,,,,,,,,,,26.7,34.94,,,,,,,,,
18-May-2015,11:30,18-May-2015,11:45,Maharashtra,Navi Mumbai,Airoli, Navi Mumbai - MPCB,0.01,329.15,,,,52.66,736.02,,,,76.47,20.43,,,25.01,1.98,,,,,,,,,,,,,27.09,35.66,,,,,,,,,
18-May-2015,11:45,18-May-2015,12:00,Maharashtra,Navi Mumbai,Airoli, Navi Mumbai - MPCB,0.39,258.27,,,,53.87,770.82,,,,117.27,28.59,,,25.18,2.01,,,,,,,,,,,,,26.83,35.41,,,,,,,,,
18-May-2015,12:00,18-May-2015,12:15,Maharashtra,Navi Mumbai,Airoli, Navi Mumbai - MPCB,0.5,267.48,,,,55.71,785.68,,,,142.04,33.54,,,25.25,1.8,,,,,,,,,,,,,25.45,34.95,,,,,,,,,
18-May-2015,12:15,18-May-2015,12:30,Maharashtra,Navi Mumbai,Airoli, Navi Mumbai - MPCB,1.06,237.17,,,,56.86,782.42,,,,136.32,32.4,,,25.35,1.76,,,,,,,,,,,,,21.91,34.9,,,,,,,,,
18-May-2015,12:30,18-May-2015,12:45,Maharashtra,Navi Mumbai,Airoli, Navi Mumbai - MPCB,1.06,239.74,,,,57.19,786.93,,,,92.43,23.62,,,25.48,1.74,,,,,,,,,,,,,22.17,34.95,,,,,,,,,
18-May-2015,12:45,18-May-2015,13:00,Maharashtra,Navi Mumbai,Airoli, Navi Mumbai - MPCB,0.93,223.55,,,,56.7,719.63,,,,65.46,18.22,,,25.31,1.72,,,,,,,,,,,,,23.18,35.27,,,,,,,,,
18-May-2015,13:00,18-May-2015,13:15,Maharashtra,Navi Mumbai,Airoli, Navi Mumbai - MPCB,0.38,259.03,,,,54.51,697.44,,,,52.23,15.58,,,25.4,1.73,,,,,,,,,,,,,23.68,35.71,,,,,,,,,
18-May-2015,13:15,18-May-2015,13:30,Maharashtra,Navi Mumbai,Airoli, Navi Mumbai - MPCB,0.15,233.34,,,,51.18,720.65,,,,59.0,16.93,,,25.52,1.76,,,,,,,,,,,,,22.87,36.36,,,,,,,,,
18-May-2015,13:30,18-May-2015,13:45,Maharashtra,Navi Mumbai,Airoli, Navi Mumbai - MPCB,0.51,214.0,,,,49.8,666.47,,,,37.9,12.71,,,25.49,1.71,,,,,,,,,,,,,23.22,36.3,,,,,,,,,
18-May-2015,13:45,18-May-2015,14:00,Maharashtra,Navi Mumbai,Airoli, Navi Mumbai - MPCB,1.24,224.06,,,,51.35,625.46,,,,10.02,6.89,,,25.7,1.78,,,,,,,,,,,,,22.98,35.93,,,,,,,,,
18-May-2015,14:00,18-May-2015,14:15,Maharashtra,Navi Mumbai,Airoli, Navi Mumbai - MPCB,0.75,267.34,,,,52.45,575.52,,,,1.03,1.56,,,25.82,1.76,,,,,,,,,,,,,23.85,35.6,,,,,,,,,
18-May-2015,14:15,18-May-2015,14:30,Maharashtra,Navi Mumbai,Airoli, Navi Mumbai - MPCB,0.81,255.27,,,,51.16,567.15,,,,4.11,1.36,,,25.86,1.74,,,,,,,,,,,,,23.6,35.84,,,,,,,,,
18-May-2015,14:30,18-May-2015,14:45,Maharashtra,Navi Mumbai,Airoli, Navi Mumbai - MPCB,0.41,228.47,,,,50.57,381.46,,,,0.99,2.91,,,25.9,1.72,,,,,,,,,,,,,23.78,35.79,,,,,,,,,
18-May-2015,14:45,18-May-2015,15:00,Maharashtra,Navi Mumbai,Airoli, Navi Mumbai - MPCB,0.58,217.57,,,,49.58,351.15,,,,21.15,9.36,,,25.71,1.73,,,,,,,,,,,,,23.36,36.01,,,,,,,,,
18-May-2015,15:00,18-May-2015,15:15,Maharashtra,Navi Mumbai,Airoli, Navi Mumbai - MPCB,0.39,213.68,,,,49.15,184.82,,,,47.66,14.66,,,25.83,1.76,,,,,,,,,,,,,24.04,36.22,,,,,,,,,
18-May-2015,15:15,18-May-2015,15:30,Maharashtra,Navi Mumbai,Airoli, Navi Mumbai - MPCB,0.69,220.15,,,,49.3,267.95,,,,54.85,16.1,,,25.68,1.77,,,,,,,,,,,,,23.93,35.82,,,,,,,,,
18-May-2015,15:30,18-May-2015,15:45,Maharashtra,Navi Mumbai,Airoli, Navi Mumbai - MPCB,0.59,212.26,,,,49.17,134.89,,,,47.66,14.66,,,25.81,1.79,,,,,,,,,,,,,25.11,35.82,,,,,,,,,
18-May-2015,15:45,18-May-2015,16:00,Maharashtra,Navi Mumbai,Airoli, Navi Mumbai - MPCB,1.01,222.6,,,,49.67,122.89,,,,50.01,15.13,,,25.87,1.77,,,,,,,,,,,,,25.05,35.45,,,,,,,,,
18-May-2015,16:00,18-May-2015,16:15,Maharashtra,Navi Mumbai,Airoli, Navi Mumbai - MPCB,1.08,276.46,,,,50.86,70.67,,,,76.32,20.4,,,25.99,1.77,,,,,,,,,,,,,25.45,35.17,,,,,,,,,
18-May-2015,16:15,18-May-2015,16:30,Maharashtra,Navi Mumbai,Airoli, Navi Mumbai - MPCB,0.47,226.0,,,,51.97,65.77,,,,97.56,24.64,,,25.78,1.9,,,,,,,,,,,,,25.35,34.85,,,,,,,,,
18-May-2015,16:30,18-May-2015,16:45,Maharashtra,Navi Mumbai,Airoli, Navi Mumbai - MPCB,0.28,208.49,,,,52.39,92.73,,,,91.05,23.34,,,25.44,1.89,,,,,,,,,,,,,25.21,35.01,,,,,,,,,
18-May-2015,16:45,18-May-2015,17:00,Maharashtra,Navi Mumbai,Airoli, Navi Mumbai - MPCB,0.57,228.9,,,,53.29,57.14,,,,87.85,22.7,,,25.67,1.88,,,,,,,,,,,,,25.33,34.74,,,,,,,,,
18-May-2015,17:00,18-May-2015,17:15,Maharashtra,Navi Mumbai,Airoli, Navi Mumbai - MPCB,0.62,246.94,,,,54.73,48.25,,,,84.26,21.98,,,25.86,1.89,,,,,,,,,,,,,25.25,34.33,,,,,,,,,
18-May-2015,17:15,18-May-2015,17:30,Maharashtra,Navi Mumbai,Airoli, Navi Mumbai - MPCB,0.87,203.66,,,,56.12,40.69,,,,91.65,23.46,,,25.86,1.88,,,,,,,,,,,,,25.16,34.01,,,,,,,,,
18-May-2015,17:30,18-May-2015,17:45,Maharashtra,Navi Mumbai,Airoli, Navi Mumbai - MPCB,0.83,199.63,,,,57.9,34.69,,,,104.36,26.0,,,26.05,1.88,,,,,,,,,,,,,24.58,33.67,,,,,,,,,
18-May-2015,17:45,18-May-2015,18:00,Maharashtra,Navi Mumbai,Airoli, Navi Mumbai - MPCB,0.12,151.62,,,,58.16,25.96,,,,111.36,27.4,,,26.2,1.87,,,,,,,,,,,,,24.97,33.38,,,,,,,,,
18-May-2015,18:00,18-May-2015,18:15,Maharashtra,Navi Mumbai,Airoli, Navi Mumbai - MPCB,0.47,195.93,,,,59.57,18.18,,,,96.33,24.4,,,26.07,1.87,,,,,,,,,,,,,25.39,33.26,,,,,,,,,
18-May-2015,18:15,18-May-2015,18:30,Maharashtra,Navi Mumbai,Airoli, Navi Mumbai - MPCB,0.16,192.22,,,,60.7,9.19,,,,83.92,21.92,,,26.05,1.9,,,,,,,,,,,,,25.49,32.93,,,,,,,,,
18-May-2015,18:30,18-May-2015,18:45,Maharashtra,Navi Mumbai,Airoli, Navi Mumbai - MPCB,0.57,226.53,,,,61.88,1.26,,,,89.91,23.11,,,25.85,1.91,,,,,,,,,,,,,24.93,32.66,,,,,,,,,
18-May-2015,18:45,18-May-2015,19:00,Maharashtra,Navi Mumbai,Airoli, Navi Mumbai - MPCB,0.34,213.06,,,,63.44,,,,,95.88,24.31,,,25.87,1.86,,,,,,,,,,,,,25.34,32.36,,,,,,,,,
18-May-2015,19:00,18-May-2015,19:15,Maharashtra,Navi Mumbai,Airoli, Navi Mumbai - MPCB,0.21,257.61,,,,64.75,,,,,105.08,26.15,,,25.89,1.88,,,,,,,,,,,,,24.95,32.12,,,,,,,,,
18-May-2015,19:15,18-May-2015,19:30,Maharashtra,Navi Mumbai,Airoli, Navi Mumbai - MPCB,0.28,208.61,,,,65.91,,,,,90.88,23.31,,,26.03,1.89,,,,,,,,,,,,,25.6,31.86,,,,,,,,,
18-May-2015,19:30,18-May-2015,19:45,Maharashtra,Navi Mumbai,Airoli, Navi Mumbai - MPCB,0.17,241.79,,,,66.27,,,,,88.29,22.79,,,25.79,1.92,,,,,,,,,,,,,25.42,31.75,,,,,,,,,
18-May-2015,19:45,18-May-2015,20:00,Maharashtra,Navi Mumbai,Airoli, Navi Mumbai - MPCB,0.05,171.13,,,,67.54,,,,,95.32,24.2,,,25.79,1.9,,,,,,,,,,,,,25.87,31.48,,,,,,,,,
18-May-2015,20:00,18-May-2015,20:15,Maharashtra,Navi Mumbai,Airoli, Navi Mumbai - MPCB,0.28,286.97,,,,69.16,,,,,112.74,27.68,,,26.07,1.88,,,,,,,,,,,,,26.22,31.17,,,,,,,,,
18-May-2015,20:15,18-May-2015,20:30,Maharashtra,Navi Mumbai,Airoli, Navi Mumbai - MPCB,0.48,255.86,,,,70.19,,,,,120.29,29.19,,,26.09,1.93,,,,,,,,,,,,,27.24,31.13,,,,,,,,,
18-May-2015,20:30,18-May-2015,20:45,Maharashtra,Navi Mumbai,Airoli, Navi Mumbai - MPCB,0.41,310.18,,,,71.34,,,,,120.42,29.22,,,25.7,1.93,,,,,,,,,,,,,26.49,30.92,,,,,,,,,
18-May-2015,20:45,18-May-2015,21:00,Maharashtra,Navi Mumbai,Airoli, Navi Mumbai - MPCB,0.06,345.64,,,,71.3,,,,,137.59,32.65,,,25.8,1.91,,,,,,,,,,,,,26.47,30.89,,,,,,,,,
18-May-2015,21:00,18-May-2015,21:15,Maharashtra,Navi Mumbai,Airoli, Navi Mumbai - MPCB,0.24,271.72,,,,71.18,,,,,147.84,34.7,,,25.69,1.96,,,,,,,,,,,,,26.8,30.84,,,,,,,,,
18-May-2015,21:15,18-May-2015,21:30,Maharashtra,Navi Mumbai,Airoli, Navi Mumbai - MPCB,0.17,248.95,,,,71.46,,,,,120.24,29.18,,,25.62,1.95,,,,,,,,,,,,,26.72,30.78,,,,,,,,,
18-May-2015,21:30,18-May-2015,21:45,Maharashtra,Navi Mumbai,Airoli, Navi Mumbai - MPCB,0.29,282.96,,,,72.11,,,,,124.18,29.97,,,25.34,1.94,,,,,,,,,,,,,26.99,30.67,,,,,,,,,
18-May-2015,21:45,18-May-2015,22:00,Maharashtra,Navi Mumbai,Airoli, Navi Mumbai - MPCB,0.11,317.05,,,,72.17,,,,,130.87,31.31,,,25.16,1.98,,,,,,,,,,,,,26.65,30.66,,,,,,,,,
18-May-2015,22:00,18-May-2015,22:15,Maharashtra,Navi Mumbai,Airoli, Navi Mumbai - MPCB,0.12,194.35,,,,73.06,,,,,123.9,29.91,,,25.56,1.95,,,,,,,,,,,,,26.94,30.47,,,,,,,,,
18-May-2015,22:15,18-May-2015,22:30,Maharashtra,Navi Mumbai,Airoli, Navi Mumbai - MPCB,0.05,206.13,,,,73.56,,,,,102.54,25.64,,,25.29,1.96,,,,,,,,,,,,,26.38,30.34,,,,,,,,,
18-May-2015,22:30,18-May-2015,22:45,Maharashtra,Navi Mumbai,Airoli, Navi Mumbai - MPCB,0.01,282.0,,,,74.68,,,,,115.95,28.32,,,25.31,1.98,,,,,,,,,,,,,25.7,30.16,,,,,,,,,
18-May-2015,22:45,18-May-2015,23:00,Maharashtra,Navi Mumbai,Airoli, Navi Mumbai - MPCB,,,,,,75.21,,,,,103.74,25.88,,,25.34,1.97,,,,,,,,,,,,,26.25,29.75,,,,,,,,,
18-May-2015,23:00,18-May-2015,23:15,Maharashtra,Navi Mumbai,Airoli, Navi Mumbai - MPCB,,,,,,76.36,,,,,99.1,24.95,,,25.02,1.97,,,,,,,,,,,,,26.28,29.86,,,,,,,,,
18-May-2015,23:15,18-May-2015,23:30,Maharashtra,Navi Mumbai,Airoli, Navi Mumbai - MPCB,0.02,182.0,,,,77.21,,,,,80.86,21.3,,,25.1,1.99,,,,,,,,,,,,,26.4,29.75,,,,,,,,,
18-May-2015,23:30,18-May-2015,23:45,Maharashtra,Navi Mumbai,Airoli, Navi Mumbai - MPCB,0.05,179.77,,,,77.15,,,,,98.59,24.85,,,24.97,1.98,,,,,,,,,,,,,25.56,29.68,,,,,,,,,
18-May-2015,23:45,19-May-2015,00:00,Maharashtra,Navi Mumbai,Airoli, Navi Mumbai - MPCB,,,,,,77.57,,,,,121.16,29.36,,,25.03,1.98,,,,,,,,,,,,,25.41,29.49,,,,,,,,,
19-May-2015,00:00,19-May-2015,00:15,Maharashtra,Navi Mumbai,Airoli, Navi Mumbai - MPCB,,,,,,78.27,,,,,111.9,27.51,,,25.22,1.98,,,,,,,,,,,,,26.03,29.4,,,,,,,,,
19-May-2015,00:15,19-May-2015,00:30,Maharashtra,Navi Mumbai,Airoli, Navi Mumbai - MPCB,,,,,,78.43,,,,,87.71,22.67,,,24.97,1.99,,,,,,,,,,,,,25.73,29.69,,,,,,,,,
19-May-2015,00:30,19-May-2015,00:45,Maharashtra,Navi Mumbai,Airoli, Navi Mumbai - MPCB,0.03,291.0,,,,78.62,,,,,67.46,18.62,,,25.03,1.96,,,,,,,,,,,,,25.59,29.64,,,,,,,,,
19-May-2015,00:45,19-May-2015,01:00,Maharashtra,Navi Mumbai,Airoli, Navi Mumbai - MPCB,,,,,,79.34,,,,,84.52,22.04,,,25.25,1.96,,,,,,,,,,,,,25.35,29.48,,,,,,,,,
19-May-2015,01:00,19-May-2015,01:15,Maharashtra,Navi Mumbai,Airoli, Navi Mumbai - MPCB,,,,,,79.98,,,,,96.11,24.35,,,25.11,1.96,,,,,,,,,,,,,25.72,29.38,,,,,,,,,
19-May-2015,01:15,19-May-2015,01:30,Maharashtra,Navi Mumbai,Airoli, Navi Mumbai - MPCB,,,,,,80.45,,,,,110.3,27.19,,,25.18,1.98,,,,,,,,,,,,,25.37,29.3,,,,,,,,,
19-May-2015,01:30,19-May-2015,01:45,Maharashtra,Navi Mumbai,Airoli, Navi Mumbai - MPCB,,,,,,80.75,,,,,94.43,24.02,,,25.36,1.97,,,,,,,,,,,,,25.01,29.3,,,,,,,,,
19-May-2015,01:45,19-May-2015,02:00,Maharashtra,Navi Mumbai,Airoli, Navi Mumbai - MPCB,0.02,6.0,,,,80.7,,,,,92.19,23.57,,,25.37,1.98,,,,,,,,,,,,,24.96,29.3,,,,,,,,,
19-May-2015,02:00,19-May-2015,02:15,Maharashtra,Navi Mumbai,Airoli, Navi Mumbai - MPCB,0.02,6.0,,,,80.61,,,,,67.72,18.68,,,25.07,1.93,,,,,,,,,,,,,24.38,29.19,,,,,,,,,
19-May-2015,02:15,19-May-2015,02:30,Maharashtra,Navi Mumbai,Airoli, Navi Mumbai - MPCB,,,,,,80.98,,,,,51.68,15.47,,,24.97,1.92,,,,,,,,,,,,,23.24,29.18,,,,,,,,,
19-May-2015,02:30,19-May-2015,02:45,Maharashtra,Navi Mumbai,Airoli, Navi Mumbai - MPCB,,,,,,80.63,,,,,25.75,10.28,,,25.21,1.89,,,,,,,,,,,,,22.88,29.29,,,,,,,,,
19-May-2015,02:45,19-May-2015,03:00,Maharashtra,Navi Mumbai,Airoli, Navi Mumbai - MPCB,,,,,,80.97,,,,,8.73,6.88,,,25.38,1.91,,,,,,,,,,,,,23.18,29.2,,,,,,,,,
19-May-2015,03:00,19-May-2015,03:15,Maharashtra,Navi Mumbai,Airoli, Navi Mumbai - MPCB,,,,,,81.19,,,,,0.88,4.91,,,25.67,1.88,,,,,,,,,,,,,23.34,29.13,,,,,,,,,
19-May-2015,03:15,19-May-2015,03:30,Maharashtra,Navi Mumbai,Airoli, Navi Mumbai - MPCB,,,,,,80.77,,,,,3.47,5.8,,,25.71,1.9,,,,,,,,,,,,,23.3,29.24,,,,,,,,,
19-May-2015,03:30,19-May-2015,03:45,Maharashtra,Navi Mumbai,Airoli, Navi Mumbai - MPCB,,,,,,81.14,,,,,11.37,7.41,,,25.82,1.92,,,,,,,,,,,,,23.44,29.16,,,,,,,,,
19-May-2015,03:45,19-May-2015,04:00,Maharashtra,Navi Mumbai,Airoli, Navi Mumbai - MPCB,,,,,,81.16,,,,,33.44,11.82,,,25.67,1.91,,,,,,,,,,,,,23.83,29.11,,,,,,,,,
19-May-2015,04:00,19-May-2015,04:15,Maharashtra,Navi Mumbai,Airoli, Navi Mumbai - MPCB,,,,,,81.69,,,,,37.3,12.59,,,25.8,1.94,,,,,,,,,,,,,22.94,29.08,,,,,,,,,
19-May-2015,04:15,19-May-2015,04:30,Maharashtra,Navi Mumbai,Airoli, Navi Mumbai - MPCB,,,,,,81.97,,,,,51.66,15.46,,,25.81,1.94,,,,,,,,,,,,,23.77,28.92,,,,,,,,,
19-May-2015,04:30,19-May-2015,04:45,Maharashtra,Navi Mumbai,Airoli, Navi Mumbai - MPCB,,,,,,82.06,,,,,58.8,16.89,,,25.88,1.94,,,,,,,,,,,,,23.82,28.88,,,,,,,,,
19-May-2015,04:45,19-May-2015,05:00,Maharashtra,Navi Mumbai,Airoli, Navi Mumbai - MPCB,,,,,,82.6,,,,,59.37,17.01,,,26.08,1.94,,,,,,,,,,,,,23.36,28.78,,,,,,,,,
19-May-2015,05:00,19-May-2015,05:15,Maharashtra,Navi Mumbai,Airoli, Navi Mumbai - MPCB,,,,,,82.83,,,,,73.3,19.79,,,25.83,1.94,,,,,,,,,,,,,23.79,28.7,,,,,,,,,
19-May-2015,05:15,19-May-2015,05:30,Maharashtra,Navi Mumbai,Airoli, Navi Mumbai - MPCB,,,,,,83.35,,,,,78.52,20.84,,,25.86,1.93,,,,,,,,,,,,,23.9,28.63,,,,,,,,,
19-May-2015,05:30,19-May-2015,05:45,Maharashtra,Navi Mumbai,Airoli, Navi Mumbai - MPCB,,,,,,83.62,,,,,89.58,23.05,,,25.89,1.93,,,,,,,,,,,,,24.43,28.6,,,,,,,,,
19-May-2015,05:45,19-May-2015,06:00,Maharashtra,Navi Mumbai,Airoli, Navi Mumbai - MPCB,,,,,,83.54,,,,,94.12,23.96,,,25.82,1.94,,,,,,,,,,,,,23.96,28.7,,,,,,,,,
19-May-2015,06:00,19-May-2015,06:15,Maharashtra,Navi Mumbai,Airoli, Navi Mumbai - MPCB,,,,,,83.19,,,,,102.93,25.72,,,25.75,1.94,,,,,,,,,,,,,24.38,28.68,,,,,,,,,
19-May-2015,06:15,19-May-2015,06:30,Maharashtra,Navi Mumbai,Airoli, Navi Mumbai - MPCB,,,,,,83.31,,,,,111.0,27.33,,,25.82,1.94,,,,,,,,,,,,,23.86,28.63,,,,,,,,,
19-May-2015,06:30,19-May-2015,06:45,Maharashtra,Navi Mumbai,Airoli, Navi Mumbai - MPCB,,,,,,83.91,,,,,120.71,29.27,,,25.85,1.93,,,,,,,,,,,,,24.33,28.6,,,,,,,,,
19-May-2015,06:45,19-May-2015,07:00,Maharashtra,Navi Mumbai,Airoli, Navi Mumbai - MPCB,,,,,,83.63,6.72,,,,127.29,30.59,,,26.16,1.95,,,,,,,,,,,,,24.72,28.69,,,,,,,,,
19-May-2015,07:00,19-May-2015,07:15,Maharashtra,Navi Mumbai,Airoli, Navi Mumbai - MPCB,,,,,,82.71,33.94,,,,130.91,31.31,,,25.82,1.93,,,,,,,,,,,,,24.17,28.94,,,,,,,,,
19-May-2015,07:15,19-May-2015,07:30,Maharashtra,Navi Mumbai,Airoli, Navi Mumbai - MPCB,,,,,,81.06,74.32,,,,149.08,34.95,,,26.04,1.97,,,,,,,,,,,,,24.23,29.41,,,,,,,,,
19-May-2015,07:30,19-May-2015,07:45,Maharashtra,Navi Mumbai,Airoli, Navi Mumbai - MPCB,0.01,202.0,,,,78.38,135.9,,,,146.19,34.37,,,25.95,1.95,,,,,,,,,,,,,25.04,30.08,,,,,,,,,
19-May-2015,07:45,19-May-2015,08:00,Maharashtra,Navi Mumbai,Airoli, Navi Mumbai - MPCB,0.27,214.02,,,,75.88,144.22,,,,111.64,27.46,,,25.88,1.98,,,,,,,,,,,,,24.65,30.42,,,,,,,,,
19-May-2015,08:00,19-May-2015,08:15,Maharashtra,Navi Mumbai,Airoli, Navi Mumbai - MPCB,0.4,244.8,,,,75.22,227.76,,,,61.25,17.38,,,25.97,1.98,,,,,,,,,,,,,24.65,30.32,,,,,,,,,
19-May-2015,08:15,19-May-2015,08:30,Maharashtra,Navi Mumbai,Airoli, Navi Mumbai - MPCB,0.43,239.03,,,,74.6,170.85,,,,63.88,17.91,,,25.96,2.4,,,,,,,,,,,,,25.76,30.46,,,,,,,,,
19-May-2015,08:30,19-May-2015,08:45,Maharashtra,Navi Mumbai,Airoli, Navi Mumbai - MPCB,0.12,253.66,,,,74.54,254.52,,,,117.08,28.55,,,25.87,2.3,,,,,,,,,,,,,26.25,30.51,,,,,,,,,
19-May-2015,08:45,19-May-2015,09:00,Maharashtra,Navi Mumbai,Airoli, Navi Mumbai - MPCB,0.09,281.34,,,,71.53,245.57,,,,168.32,38.8,,,25.99,2.13,,,,,,,,,,,,,26.36,31.25,,,,,,,,,
19-May-2015,09:00,19-May-2015,09:15,Maharashtra,Navi Mumbai,Airoli, Navi Mumbai - MPCB,0.16,253.53,,,,71.55,341.64,,,,152.18,35.57,,,26.01,1.93,,,,,,,,,,,,,27.08,31.06,,,,,,,,,
19-May-2015,09:15,19-May-2015,09:30,Maharashtra,Navi Mumbai,Airoli, Navi Mumbai - MPCB,0.19,358.03,,,,69.02,400.33,,,,116.75,28.48,,,25.75,2.99,,,,,,,,,,,,,26.84,31.58,,,,,,,,,
19-May-2015,09:30,19-May-2015,09:45,Maharashtra,Navi Mumbai,Airoli, Navi Mumbai - MPCB,0.28,226.59,,,,67.0,376.12,,,,117.93,28.72,,,25.47,2.57,,,,,,,,,,,,,27.02,32.18,,,,,,,,,
19-May-2015,09:45,19-May-2015,10:00,Maharashtra,Navi Mumbai,Airoli, Navi Mumbai - MPCB,0.5,241.3,,,,67.34,382.03,,,,156.56,36.44,,,25.41,2.35,,,,,,,,,,,,,27.54,32.07,,,,,,,,,
19-May-2015,10:00,19-May-2015,10:15,Maharashtra,Navi Mumbai,Airoli, Navi Mumbai - MPCB,0.21,262.02,,,,66.56,533.67,,,,163.76,37.88,,,25.7,2.82,,,,,,,,,,,,,27.64,31.91,,,,,,,,,
19-May-2015,10:15,19-May-2015,10:30,Maharashtra,Navi Mumbai,Airoli, Navi Mumbai - MPCB,0.04,334.49,,,,60.85,623.09,,,,154.85,36.1,,,25.56,3.27,,,,,,,,,,,,,26.67,33.37,,,,,,,,,
19-May-2015,10:30,19-May-2015,10:45,Maharashtra,Navi Mumbai,Airoli, Navi Mumbai - MPCB,0.57,287.1,,,,61.18,631.67,,,,128.1,30.75,,,25.2,2.61,,,,,,,,,,,,,26.38,33.33,,,,,,,,,
19-May-2015,10:45,19-May-2015,11:00,Maharashtra,Navi Mumbai,Airoli, Navi Mumbai - MPCB,0.22,306.32,,,,60.73,592.08,,,,100.21,25.17,,,25.92,3.39,,,,,,,,,,,,,25.79,33.26,,,,,,,,,
19-May-2015,11:00,19-May-2015,11:15,Maharashtra,Navi Mumbai,Airoli, Navi Mumbai - MPCB,0.39,230.78,,,,59.34,709.62,,,,74.23,19.98,,,25.37,2.38,,,,,,,,,,,,,26.38,33.74,,,,,,,,,
19-May-2015,11:15,19-May-2015,11:30,Maharashtra,Navi Mumbai,Airoli, Navi Mumbai - MPCB,0.8,290.67,,,,59.28,781.8,,,,75.88,20.31,,,25.25,4.73,,,,,,,,,,,,,25.55,33.9,,,,,,,,,
19-May-2015,11:30,19-May-2015,11:45,Maharashtra,Navi Mumbai,Airoli, Navi Mumbai - MPCB,0.57,255.47,,,,58.96,699.48,,,,92.53,23.64,,,25.42,2.03,,,,,,,,,,,,,25.6,33.91,,,,,,,,,
19-May-2015,11:45,19-May-2015,12:00,Maharashtra,Navi Mumbai,Airoli, Navi Mumbai - MPCB,0.5,236.51,,,,58.59,709.47,,,,100.29,25.19,,,25.33,2.05,,,,,,,,,,,,,25.55,33.78,,,,,,,,,
19-May-2015,12:00,19-May-2015,12:15,Maharashtra,Navi Mumbai,Airoli, Navi Mumbai - MPCB,0.5,275.99,,,,56.4,713.13,,,,87.59,22.65,,,25.53,2.05,,,,,,,,,,,,,26.02,34.48,,,,,,,,,
19-May-2015,12:15,19-May-2015,12:30,Maharashtra,Navi Mumbai,Airoli, Navi Mumbai - MPCB,0.53,277.09,,,,56.15,760.16,,,,63.52,17.84,,,25.8,2.03,,,,,,,,,,,,,26.24,34.49,,,,,,,,,
19-May-2015,12:30,19-May-2015,12:45,Maharashtra,Navi Mumbai,Airoli, Navi Mumbai - MPCB,1.1,248.33,,,,55.82,758.23,,,,45.24,14.18,,,25.43,2.03,,,,,,,,,,,,,26.5,34.41,,,,,,,,,
19-May-2015,12:45,19-May-2015,13:00,Maharashtra,Navi Mumbai,Airoli, Navi Mumbai - MPCB,0.85,294.04,,,,54.48,788.67,,,,50.19,15.17,,,26.0,2.03,,,,,,,,,,,,,27.18,34.7,,,,,,,,,
19-May-2015,13:00,19-May-2015,13:15,Maharashtra,Navi Mumbai,Airoli, Navi Mumbai - MPCB,0.52,254.47,,,,53.68,751.97,,,,71.67,19.47,,,25.67,2.04,,,,,,,,,,,,,26.87,35.0,,,,,,,,,
19-May-2015,13:15,19-May-2015,13:30,Maharashtra,Navi Mumbai,Airoli, Navi Mumbai - MPCB,0.95,245.77,,,,52.83,724.52,,,,80.07,21.15,,,25.6,2.04,,,,,,,,,,,,,27.19,35.15,,,,,,,,,
19-May-2015,13:30,19-May-2015,13:45,Maharashtra,Navi Mumbai,Airoli, Navi Mumbai - MPCB,1.14,235.27,,,,54.29,655.59,,,,79.25,20.98,,,25.5,2.06,,,,,,,,,,,,,27.39,34.73,,,,,,,,,
19-May-2015,13:45,19-May-2015,14:00,Maharashtra,Navi Mumbai,Airoli, Navi Mumbai - MPCB,0.9,249.03,,,,54.3,640.9,,,,60.62,17.26,,,25.77,2.03,,,,,,,,,,,,,27.87,34.8,,,,,,,,,
19-May-2015,14:00,19-May-2015,14:15,Maharashtra,Navi Mumbai,Airoli, Navi Mumbai - MPCB,0.92,238.04,,,,53.63,601.3,,,,61.72,17.48,,,25.6,2.02,,,,,,,,,,,,,27.72,35.09,,,,,,,,,
19-May-2015,14:15,19-May-2015,14:30,Maharashtra,Navi Mumbai,Airoli, Navi Mumbai - MPCB,1.08,286.32,,,,54.79,549.42,,,,57.66,16.66,,,25.44,2.06,,,,,,,,,,,,,27.5,34.66,,,,,,,,,
19-May-2015,14:30,19-May-2015,14:45,Maharashtra,Navi Mumbai,Airoli, Navi Mumbai - MPCB,1.31,231.95,,,,55.32,383.17,,,,59.51,17.03,,,25.51,2.01,,,,,,,,,,,,,26.86,34.81,,,,,,,,,
19-May-2015,14:45,19-May-2015,15:00,Maharashtra,Navi Mumbai,Airoli, Navi Mumbai - MPCB,0.67,261.6,,,,54.75,331.93,,,,61.81,17.49,,,25.61,2.01,,,,,,,,,,,,,26.96,34.89,,,,,,,,,
19-May-2015,15:00,19-May-2015,15:15,Maharashtra,Navi Mumbai,Airoli, Navi Mumbai - MPCB,1.01,237.71,,,,55.83,215.71,,,,60.58,17.25,,,25.86,2.02,,,,,,,,,,,,,26.17,34.68,,,,,,,,,
19-May-2015,15:15,19-May-2015,15:30,Maharashtra,Navi Mumbai,Airoli, Navi Mumbai - MPCB,1.12,204.49,,,,57.08,260.85,,,,46.53,14.44,,,25.58,1.99,,,,,,,,,,,,,27.28,34.5,,,,,,,,,
19-May-2015,15:30,19-May-2015,15:45,Maharashtra,Navi Mumbai,Airoli, Navi Mumbai - MPCB,0.75,244.31,,,,57.78,146.05,,,,52.93,15.72,,,25.78,2.04,,,,,,,,,,,,,26.59,34.46,,,,,,,,,
19-May-2015,15:45,19-May-2015,16:00,Maharashtra,Navi Mumbai,Airoli, Navi Mumbai - MPCB,0.97,255.89,,,,58.39,141.95,,,,63.15,17.76,,,25.71,2.0,,,,,,,,,,,,,26.74,34.21,,,,,,,,,
19-May-2015,16:00,19-May-2015,16:15,Maharashtra,Navi Mumbai,Airoli, Navi Mumbai - MPCB,0.75,235.59,,,,59.07,84.71,,,,72.52,19.64,,,25.73,2.0,,,,,,,,,,,,,26.69,33.96,,,,,,,,,
19-May-2015,16:15,19-May-2015,16:30,Maharashtra,Navi Mumbai,Airoli, Navi Mumbai - MPCB,0.96,250.08,,,,58.8,72.56,,,,76.28,20.39,,,25.76,2.0,,,,,,,,,,,,,26.47,34.0,,,,,,,,,
19-May-2015,16:30,19-May-2015,16:45,Maharashtra,Navi Mumbai,Airoli, Navi Mumbai - MPCB,1.01,252.2,,,,59.31,115.8,,,,76.11,20.35,,,26.02,2.01,,,,,,,,,,,,,26.8,33.75,,,,,,,,,
19-May-2015,16:45,19-May-2015,17:00,Maharashtra,Navi Mumbai,Airoli, Navi Mumbai - MPCB,1.22,227.99,,,,59.93,74.88,,,,68.6,18.85,,,26.22,2.03,,,,,,,,,,,,,26.22,33.47,,,,,,,,,
19-May-2015,17:00,19-May-2015,17:15,Maharashtra,Navi Mumbai,Airoli, Navi Mumbai - MPCB,0.45,253.45,,,,60.22,53.34,,,,67.02,18.54,,,26.04,2.03,,,,,,,,,,,,,26.87,33.52,,,,,,,,,
19-May-2015,17:15,19-May-2015,17:30,Maharashtra,Navi Mumbai,Airoli, Navi Mumbai - MPCB,1.11,216.71,,,,60.86,42.32,,,,93.48,23.83,,,26.07,2.03,,,,,,,,,,,,,27.0,33.35,,,,,,,,,
19-May-2015,17:30,19-May-2015,17:45,Maharashtra,Navi Mumbai,Airoli, Navi Mumbai - MPCB,0.93,202.6,,,,61.71,36.74,,,,103.1,25.75,,,25.88,2.05,,,,,,,,,,,,,27.64,33.06,,,,,,,,,
19-May-2015,17:45,19-May-2015,18:00,Maharashtra,Navi Mumbai,Airoli, Navi Mumbai - MPCB,0.27,236.88,,,,60.76,28.67,,,,108.49,26.83,,,26.32,2.05,,,,,,,,,,,,,26.38,33.2,,,,,,,,,
19-May-2015,18:00,19-May-2015,18:15,Maharashtra,Navi Mumbai,Airoli, Navi Mumbai - MPCB,0.21,198.1,,,,59.82,21.7,,,,89.41,23.01,,,25.95,2.03,,,,,,,,,,,,,26.84,32.99,,,,,,,,,
19-May-2015,18:15,19-May-2015,18:30,Maharashtra,Navi Mumbai,Airoli, Navi Mumbai - MPCB,0.24,166.99,,,,60.55,11.84,,,,79.33,21.0,,,26.21,2.03,,,,,,,,,,,,,26.82,32.86,,,,,,,,,
19-May-2015,18:30,19-May-2015,18:45,Maharashtra,Navi Mumbai,Airoli, Navi Mumbai - MPCB,0.07,116.24,,,,62.46,3.96,,,,73.09,19.75,,,26.1,2.03,,,,,,,,,,,,,27.73,32.57,,,,,,,,,
19-May-2015,18:45,19-May-2015,19:00,Maharashtra,Navi Mumbai,Airoli, Navi Mumbai - MPCB,0.36,196.8,,,,63.69,0.35,,,,84.98,22.13,,,26.05,2.04,,,,,,,,,,,,,27.0,32.23,,,,,,,,,
19-May-2015,19:00,19-May-2015,19:15,Maharashtra,Navi Mumbai,Airoli, Navi Mumbai - MPCB,0.1,280.76,,,,64.46,,,,,103.06,25.74,,,26.11,2.01,,,,,,,,,,,,,26.5,31.98,,,,,,,,,
19-May-2015,19:15,19-May-2015,19:30,Maharashtra,Navi Mumbai,Airoli, Navi Mumbai - MPCB,0.02,332.97,,,,66.44,,,,,113.43,27.82,,,25.99,2.01,,,,,,,,,,,,,26.39,31.69,,,,,,,,,
19-May-2015,19:30,19-May-2015,19:45,Maharashtra,Navi Mumbai,Airoli, Navi Mumbai - MPCB,0.32,209.88,,,,68.7,,,,,123.63,29.86,,,26.02,2.04,,,,,,,,,,,,,26.94,31.48,,,,,,,,,
19-May-2015,19:45,19-May-2015,20:00,Maharashtra,Navi Mumbai,Airoli, Navi Mumbai - MPCB,0.24,233.11,,,,69.36,,,,,121.48,29.43,,,26.08,2.03,,,,,,,,,,,,,26.46,31.3,,,,,,,,,
19-May-2015,20:00,19-May-2015,20:15,Maharashtra,Navi Mumbai,Airoli, Navi Mumbai - MPCB,0.19,237.92,,,,69.96,,,,,116.92,28.52,,,25.95,2.05,,,,,,,,,,,,,26.93,31.16,,,,,,,,,
19-May-2015,20:15,19-May-2015,20:30,Maharashtra,Navi Mumbai,Airoli, Navi Mumbai - MPCB,0.22,211.62,,,,70.44,,,,,117.0,28.53,,,25.93,2.0,,,,,,,,,,,,,26.35,31.09,,,,,,,,,
19-May-2015,20:30,19-May-2015,20:45,Maharashtra,Navi Mumbai,Airoli, Navi Mumbai - MPCB,0.07,266.67,,,,70.64,,,,,104.36,26.0,,,26.12,2.04,,,,,,,,,,,,,26.7,30.91,,,,,,,,,
19-May-2015,20:45,19-May-2015,21:00,Maharashtra,Navi Mumbai,Airoli, Navi Mumbai - MPCB,0.19,236.68,,,,71.26,,,,,100.58,25.25,,,26.14,2.04,,,,,,,,,,,,,26.7,30.85,,,,,,,,,
19-May-2015,21:00,19-May-2015,21:15,Maharashtra,Navi Mumbai,Airoli, Navi Mumbai - MPCB,0.13,235.75,,,,71.7,,,,,108.35,26.8,,,26.13,2.06,,,,,,,,,,,,,28.28,30.79,,,,,,,,,
19-May-2015,21:15,19-May-2015,21:30,Maharashtra,Navi Mumbai,Airoli, Navi Mumbai - MPCB,0.28,186.86,,,,71.81,,,,,123.69,29.87,,,25.96,2.01,,,,,,,,,,,,,28.8,30.64,,,,,,,,,
19-May-2015,21:30,19-May-2015,21:45,Maharashtra,Navi Mumbai,Airoli, Navi Mumbai - MPCB,0.05,0.32,,,,71.9,,,,,113.86,27.9,,,25.82,2.06,,,,,,,,,,,,,28.82,30.62,,,,,,,,,
19-May-2015,21:45,19-May-2015,22:00,Maharashtra,Navi Mumbai,Airoli, Navi Mumbai - MPCB,0.09,207.54,,,,72.34,,,,,99.25,24.98,,,26.0,2.1,,,,,,,,,,,,,27.95,30.58,,,,,,,,,
19-May-2015,22:00,19-May-2015,22:15,Maharashtra,Navi Mumbai,Airoli, Navi Mumbai - MPCB,0.1,183.08,,,,72.88,,,,,112.12,27.56,,,25.75,2.1,,,,,,,,,,,,,28.71,30.35,,,,,,,,,
19-May-2015,22:15,19-May-2015,22:30,Maharashtra,Navi Mumbai,Airoli, Navi Mumbai - MPCB,0.03,152.0,,,,73.39,,,,,123.16,29.76,,,25.58,2.09,,,,,,,,,,,,,28.58,30.11,,,,,,,,,
19-May-2015,22:30,19-May-2015,22:45,Maharashtra,Navi Mumbai,Airoli, Navi Mumbai - MPCB,0.01,152.0,,,,74.1,,,,,116.78,28.49,,,25.52,2.12,,,,,,,,,,,,,28.95,29.95,,,,,,,,,
19-May-2015,22:45,19-May-2015,23:00,Maharashtra,Navi Mumbai,Airoli, Navi Mumbai - MPCB,0.01,171.0,,,,74.58,,,,,116.3,28.39,,,25.34,2.06,,,,,,,,,,,,,28.43,29.93,,,,,,,,,
19-May-2015,23:00,19-May-2015,23:15,Maharashtra,Navi Mumbai,Airoli, Navi Mumbai - MPCB,,,,,,75.4,,,,,115.71,28.27,,,25.25,2.12,,,,,,,,,,,,,28.06,29.82,,,,,,,,,
19-May-2015,23:15,19-May-2015,23:30,Maharashtra,Navi Mumbai,Airoli, Navi Mumbai - MPCB,,,,,,76.35,,,,,105.61,26.25,,,25.47,2.11,,,,,,,,,,,,,28.18,29.88,,,,,,,,,
19-May-2015,23:30,19-May-2015,23:45,Maharashtra,Navi Mumbai,Airoli, Navi Mumbai - MPCB,0.03,340.0,,,,77.0,,,,,97.71,24.67,,,25.08,2.12,,,,,,,,,,,,,28.06,29.71,,,,,,,,,
19-May-2015,23:45,20-May-2015,00:00,Maharashtra,Navi Mumbai,Airoli, Navi Mumbai - MPCB,,,,,,77.3,,,,,104.1,25.95,,,25.33,2.1,,,,,,,,,,,,,27.9,29.8,,,,,,,,,
20-May-2015,00:00,20-May-2015,00:15,Maharashtra,Navi Mumbai,Airoli, Navi Mumbai - MPCB,,,,,,77.54,,,,,121.77,29.49,,,25.2,2.1,,,,,,,,,,,,,27.19,29.71,,,,,,,,,
20-May-2015,00:15,20-May-2015,00:30,Maharashtra,Navi Mumbai,Airoli, Navi Mumbai - MPCB,0.01,229.0,,,,77.68,,,,,111.38,27.41,,,25.01,2.14,,,,,,,,,,,,,28.27,29.5,,,,,,,,,
20-May-2015,00:30,20-May-2015,00:45,Maharashtra,Navi Mumbai,Airoli, Navi Mumbai - MPCB,0.02,262.0,,,,77.53,,,,,97.03,24.54,,,25.18,2.1,,,,,,,,,,,,,27.72,29.49,,,,,,,,,
20-May-2015,00:45,20-May-2015,01:00,Maharashtra,Navi Mumbai,Airoli, Navi Mumbai - MPCB,0.02,182.65,,,,77.43,,,,,73.32,19.8,,,25.18,2.11,,,,,,,,,,,,,27.54,29.63,,,,,,,,,
20-May-2015,01:00,20-May-2015,01:15,Maharashtra,Navi Mumbai,Airoli, Navi Mumbai - MPCB,0.03,205.0,,,,77.37,,,,,71.32,19.4,,,25.21,2.11,,,,,,,,,,,,,27.6,29.68,,,,,,,,,
20-May-2015,01:15,20-May-2015,01:30,Maharashtra,Navi Mumbai,Airoli, Navi Mumbai - MPCB,,,,,,77.43,,,,,73.38,19.81,,,24.95,2.13,,,,,,,,,,,,,27.27,29.44,,,,,,,,,
20-May-2015,01:30,20-May-2015,01:45,Maharashtra,Navi Mumbai,Airoli, Navi Mumbai - MPCB,,,,,,77.48,,,,,68.66,18.86,,,25.2,2.13,,,,,,,,,,,,,26.94,29.45,,,,,,,,,
20-May-2015,01:45,20-May-2015,02:00,Maharashtra,Navi Mumbai,Airoli, Navi Mumbai - MPCB,,,,,,78.02,,,,,63.57,17.85,,,25.3,2.12,,,,,,,,,,,,,26.87,29.34,,,,,,,,,
20-May-2015,02:00,20-May-2015,02:15,Maharashtra,Navi Mumbai,Airoli, Navi Mumbai - MPCB,,,,,,78.57,,,,,43.46,13.82,,,25.09,2.13,,,,,,,,,,,,,27.38,29.17,,,,,,,,,
20-May-2015,02:15,20-May-2015,02:30,Maharashtra,Navi Mumbai,Airoli, Navi Mumbai - MPCB,,,,,,79.05,,,,,60.56,17.24,,,25.39,2.08,,,,,,,,,,,,,26.87,29.1,,,,,,,,,
20-May-2015,02:30,20-May-2015,02:45,Maharashtra,Navi Mumbai,Airoli, Navi Mumbai - MPCB,0.02,1.0,,,,79.0,,,,,64.11,17.95,,,25.26,2.15,,,,,,,,,,,,,26.31,29.07,,,,,,,,,
20-May-2015,02:45,20-May-2015,03:00,Maharashtra,Navi Mumbai,Airoli, Navi Mumbai - MPCB,,,,,,77.93,,,,,65.38,18.21,,,25.14,2.08,,,,,,,,,,,,,26.65,29.29,,,,,,,,,
20-May-2015,03:00,20-May-2015,03:15,Maharashtra,Navi Mumbai,Airoli, Navi Mumbai - MPCB,0.02,8.0,,,,77.12,,,,,44.15,13.96,,,25.26,2.1,,,,,,,,,,,,,25.85,29.38,,,,,,,,,
20-May-2015,03:15,20-May-2015,03:30,Maharashtra,Navi Mumbai,Airoli, Navi Mumbai - MPCB,,,,,,77.5,,,,,24.94,10.12,,,25.35,2.08,,,,,,,,,,,,,24.89,29.31,,,,,,,,,
20-May-2015,03:30,20-May-2015,03:45,Maharashtra,Navi Mumbai,Airoli, Navi Mumbai - MPCB,,,,,,78.39,,,,,1.78,4.01,,,25.28,2.03,,,,,,,,,,,,,24.1,29.22,,,,,,,,,
20-May-2015,03:45,20-May-2015,04:00,Maharashtra,Navi Mumbai,Airoli, Navi Mumbai - MPCB,,,,,,78.91,,,,,,0.13,,,25.35,2.03,,,,,,,,,,,,,24.89,29.07,,,,,,,,,
20-May-2015,04:00,20-May-2015,04:15,Maharashtra,Navi Mumbai,Airoli, Navi Mumbai - MPCB,,,,,,79.47,,,,,0.93,3.41,,,25.41,2.03,,,,,,,,,,,,,24.41,28.97,,,,,,,,,
20-May-2015,04:15,20-May-2015,04:30,Maharashtra,Navi Mumbai,Airoli, Navi Mumbai - MPCB,,,,,,79.82,,,,,21.05,9.34,,,25.69,2.05,,,,,,,,,,,,,24.74,28.96,,,,,,,,,
20-May-2015,04:30,20-May-2015,04:45,Maharashtra,Navi Mumbai,Airoli, Navi Mumbai - MPCB,,,,,,79.98,,,,,24.3,9.99,,,25.61,2.01,,,,,,,,,,,,,24.46,28.98,,,,,,,,,
20-May-2015,04:45,20-May-2015,05:00,Maharashtra,Navi Mumbai,Airoli, Navi Mumbai - MPCB,,,,,,80.51,,,,,27.79,10.69,,,25.89,2.04,,,,,,,,,,,,,24.54,28.91,,,,,,,,,
20-May-2015,05:00,20-May-2015,05:15,Maharashtra,Navi Mumbai,Airoli, Navi Mumbai - MPCB,,,,,,80.91,,,,,62.42,17.62,,,25.98,2.04,,,,,,,,,,,,,24.86,28.87,,,,,,,,,
20-May-2015,05:15,20-May-2015,05:30,Maharashtra,Navi Mumbai,Airoli, Navi Mumbai - MPCB,,,,,,80.92,,,,,79.21,20.97,,,26.17,2.04,,,,,,,,,,,,,24.61,28.8,,,,,,,,,
20-May-2015,05:30,20-May-2015,05:45,Maharashtra,Navi Mumbai,Airoli, Navi Mumbai - MPCB,,,,,,81.28,,,,,82.53,21.64,,,26.0,2.06,,,,,,,,,,,,,25.01,28.77,,,,,,,,,
20-May-2015,05:45,20-May-2015,06:00,Maharashtra,Navi Mumbai,Airoli, Navi Mumbai - MPCB,,,,,,81.36,,,,,58.19,16.77,,,25.9,2.03,,,,,,,,,,,,,25.16,28.69,,,,,,,,,
20-May-2015,06:00,20-May-2015,06:15,Maharashtra,Navi Mumbai,Airoli, Navi Mumbai - MPCB,,,,,,81.75,,,,,64.16,17.96,,,26.05,2.07,,,,,,,,,,,,,25.19,28.61,,,,,,,,,
20-May-2015,06:15,20-May-2015,06:30,Maharashtra,Navi Mumbai,Airoli, Navi Mumbai - MPCB,,,,,,81.97,,,,,85.64,22.26,,,26.17,2.05,,,,,,,,,,,,,25.37,28.69,,,,,,,,,
20-May-2015,06:30,20-May-2015,06:45,Maharashtra,Navi Mumbai,Airoli, Navi Mumbai - MPCB,,,,,,81.89,0.11,,,,103.16,25.76,,,25.99,2.06,,,,,,,,,,,,,25.14,28.74,,,,,,,,,
20-May-2015,06:45,20-May-2015,07:00,Maharashtra,Navi Mumbai,Airoli, Navi Mumbai - MPCB,,,,,,81.62,11.6,,,,110.15,27.16,,,26.02,2.06,,,,,,,,,,,,,24.93,28.96,,,,,,,,,
20-May-2015,07:00,20-May-2015,07:15,Maharashtra,Navi Mumbai,Airoli, Navi Mumbai - MPCB,0.09,162.41,,,,80.36,42.89,,,,102.47,25.63,,,26.3,2.08,,,,,,,,,,,,,25.42,29.35,,,,,,,,,
20-May-2015,07:15,20-May-2015,07:30,Maharashtra,Navi Mumbai,Airoli, Navi Mumbai - MPCB,0.01,10.49,,,,77.83,77.52,,,,117.71,28.67,,,25.93,2.08,,,,,,,,,,,,,25.22,29.67,,,,,,,,,
20-May-2015,07:30,20-May-2015,07:45,Maharashtra,Navi Mumbai,Airoli, Navi Mumbai - MPCB,0.0,185.0,,,,75.87,144.23,,,,116.84,28.5,,,25.91,2.09,,,,,,,,,,,,,25.37,30.11,,,,,,,,,
20-May-2015,07:45,20-May-2015,08:00,Maharashtra,Navi Mumbai,Airoli, Navi Mumbai - MPCB,0.13,205.95,,,,74.04,93.91,,,,81.9,21.51,,,26.09,2.06,,,,,,,,,,,,,25.8,30.45,,,,,,,,,
20-May-2015,08:00,20-May-2015,08:15,Maharashtra,Navi Mumbai,Airoli, Navi Mumbai - MPCB,0.06,215.49,,,,73.88,107.87,,,,41.14,13.36,,,25.97,2.07,,,,,,,,,,,,,25.71,30.45,,,,,,,,,
20-May-2015,08:15,20-May-2015,08:30,Maharashtra,Navi Mumbai,Airoli, Navi Mumbai - MPCB,0.06,182.0,,,,72.17,252.21,,,,45.81,14.29,,,25.89,2.06,,,,,,,,,,,,,25.32,30.77,,,,,,,,,
20-May-2015,08:30,20-May-2015,08:45,Maharashtra,Navi Mumbai,Airoli, Navi Mumbai - MPCB,0.06,6.0,,,,68.83,251.05,,,,78.44,20.82,,,26.19,2.06,,,,,,,,,,,,,25.5,31.64,,,,,,,,,
20-May-2015,08:45,20-May-2015,09:00,Maharashtra,Navi Mumbai,Airoli, Navi Mumbai - MPCB,0.25,274.94,,,,67.89,178.36,,,,62.96,17.72,,,25.88,2.08,,,,,,,,,,,,,25.93,31.67,,,,,,,,,
20-May-2015,09:00,20-May-2015,09:15,Maharashtra,Navi Mumbai,Airoli, Navi Mumbai - MPCB,0.09,221.45,,,,68.18,242.96,,,,55.98,16.33,,,26.04,2.04,,,,,,,,,,,,,25.8,31.53,,,,,,,,,
20-May-2015,09:15,20-May-2015,09:30,Maharashtra,Navi Mumbai,Airoli, Navi Mumbai - MPCB,0.06,165.0,,,,68.15,153.16,,,,67.44,18.62,,,26.13,2.05,,,,,,,,,,,,,25.99,31.9,,,,,,,,,
20-May-2015,09:30,20-May-2015,09:45,Maharashtra,Navi Mumbai,Airoli, Navi Mumbai - MPCB,0.04,344.0,,,,65.85,345.04,,,,97.7,24.67,,,25.98,2.06,,,,,,,,,,,,,26.58,31.95,,,,,,,,,
20-May-2015,09:45,20-May-2015,10:00,Maharashtra,Navi Mumbai,Airoli, Navi Mumbai - MPCB,0.03,78.61,,,,59.98,543.49,,,,120.32,29.2,,,25.99,2.05,,,,,,,,,,,,,27.57,33.05,,,,,,,,,
20-May-2015,10:00,20-May-2015,10:15,Maharashtra,Navi Mumbai,Airoli, Navi Mumbai - MPCB,0.12,252.5,,,,58.34,462.52,,,,130.07,31.15,,,25.91,2.1,,,,,,,,,,,,,27.67,33.24,,,,,,,,,
20-May-2015,10:15,20-May-2015,10:30,Maharashtra,Navi Mumbai,Airoli, Navi Mumbai - MPCB,0.1,0.79,,,,57.83,549.68,,,,115.29,28.19,,,26.14,2.1,,,,,,,,,,,,,27.55,33.59,,,,,,,,,
20-May-2015,10:30,20-May-2015,10:45,Maharashtra,Navi Mumbai,Airoli, Navi Mumbai - MPCB,0.29,35.18,,,,55.64,584.17,,,,91.58,23.45,,,25.96,2.12,,,,,,,,,,,,,27.53,34.22,,,,,,,,,
20-May-2015,10:45,20-May-2015,11:00,Maharashtra,Navi Mumbai,Airoli, Navi Mumbai - MPCB,0.02,60.6,,,,54.68,727.71,,,,103.16,25.76,,,25.93,2.11,,,,,,,,,,,,,27.56,34.46,,,,,,,,,
20-May-2015,11:00,20-May-2015,11:15,Maharashtra,Navi Mumbai,Airoli, Navi Mumbai - MPCB,0.43,248.65,,,,54.05,751.37,,,,134.05,31.94,,,25.87,2.13,,,,,,,,,,,,,27.67,34.57,,,,,,,,,
20-May-2015,11:15,20-May-2015,11:30,Maharashtra,Navi Mumbai,Airoli, Navi Mumbai - MPCB,0.29,237.91,,,,53.45,794.62,,,,121.86,29.5,,,25.8,2.11,,,,,,,,,,,,,27.84,34.54,,,,,,,,,
20-May-2015,11:30,20-May-2015,11:45,Maharashtra,Navi Mumbai,Airoli, Navi Mumbai - MPCB,0.45,274.55,,,,53.12,785.3,,,,99.27,24.99,,,25.64,2.1,,,,,,,,,,,,,27.27,34.97,,,,,,,,,
20-May-2015,11:45,20-May-2015,12:00,Maharashtra,Navi Mumbai,Airoli, Navi Mumbai - MPCB,0.84,250.51,,,,54.65,797.24,,,,77.76,20.68,,,25.66,2.12,,,,,,,,,,,,,27.46,34.75,,,,,,,,,
20-May-2015,12:00,20-May-2015,12:15,Maharashtra,Navi Mumbai,Airoli, Navi Mumbai - MPCB,0.58,232.74,,,,55.65,798.81,,,,93.58,23.85,,,25.82,2.12,,,,,,,,,,,,,27.02,34.89,,,,,,,,,
20-May-2015,12:15,20-May-2015,12:30,Maharashtra,Navi Mumbai,Airoli, Navi Mumbai - MPCB,1.28,253.68,,,,57.02,781.03,,,,99.53,25.04,,,25.82,2.1,,,,,,,,,,,,,27.04,34.41,,,,,,,,,
20-May-2015,12:30,20-May-2015,12:45,Maharashtra,Navi Mumbai,Airoli, Navi Mumbai - MPCB,0.53,256.7,,,,56.72,789.68,,,,105.17,26.17,,,25.68,2.11,,,,,,,,,,,,,26.67,34.74,,,,,,,,,
20-May-2015,12:45,20-May-2015,13:00,Maharashtra,Navi Mumbai,Airoli, Navi Mumbai - MPCB,0.69,248.75,,,,55.68,785.08,,,,89.23,22.98,,,25.57,2.1,,,,,,,,,,,,,26.25,35.03,,,,,,,,,
20-May-2015,13:00,20-May-2015,13:15,Maharashtra,Navi Mumbai,Airoli, Navi Mumbai - MPCB,0.93,255.04,,,,56.0,740.88,,,,73.88,19.91,,,25.84,2.1,,,,,,,,,,,,,26.56,35.07,,,,,,,,,
20-May-2015,13:15,20-May-2015,13:30,Maharashtra,Navi Mumbai,Airoli, Navi Mumbai - MPCB,0.49,299.44,,,,55.76,676.66,,,,73.71,19.87,,,25.78,2.11,,,,,,,,,,,,,26.09,35.1,,,,,,,,,
20-May-2015,13:30,20-May-2015,13:45,Maharashtra,Navi Mumbai,Airoli, Navi Mumbai - MPCB,0.5,200.97,,,,54.95,612.23,,,,81.89,21.51,,,25.63,2.1,,,,,,,,,,,,,27.31,35.47,,,,,,,,,
20-May-2015,13:45,20-May-2015,14:00,Maharashtra,Navi Mumbai,Airoli, Navi Mumbai - MPCB,0.61,245.58,,,,55.87,621.68,,,,76.77,20.49,,,25.61,2.11,,,,,,,,,,,,,26.32,35.22,,,,,,,,,
20-May-2015,14:00,20-May-2015,14:15,Maharashtra,Navi Mumbai,Airoli, Navi Mumbai - MPCB,0.31,235.32,,,,56.49,568.46,,,,53.32,15.8,,,25.78,2.12,,,,,,,,,,,,,25.76,34.9,,,,,,,,,
20-May-2015,14:15,20-May-2015,14:30,Maharashtra,Navi Mumbai,Airoli, Navi Mumbai - MPCB,0.49,260.3,,,,55.38,541.19,,,,44.5,14.03,,,25.57,2.14,,,,,,,,,,,,,25.68,35.24,,,,,,,,,
20-May-2015,14:30,20-May-2015,14:45,Maharashtra,Navi Mumbai,Airoli, Navi Mumbai - MPCB,1.09,260.12,,,,55.83,412.86,,,,57.14,16.56,,,25.88,2.13,,,,,,,,,,,,,25.98,34.78,,,,,,,,,
20-May-2015,14:45,20-May-2015,15:00,Maharashtra,Navi Mumbai,Airoli, Navi Mumbai - MPCB,0.86,239.91,,,,56.11,315.27,,,,74.47,20.03,,,25.77,2.17,,,,,,,,,,,,,26.15,34.74,,,,,,,,,
20-May-2015,15:00,20-May-2015,15:15,Maharashtra,Navi Mumbai,Airoli, Navi Mumbai - MPCB,0.56,221.52,,,,56.14,194.42,,,,87.78,22.69,,,25.5,2.1,,,,,,,,,,,,,26.07,34.68,,,,,,,,,
20-May-2015,15:15,20-May-2015,15:30,Maharashtra,Navi Mumbai,Airoli, Navi Mumbai - MPCB,0.18,223.36,,,,56.11,276.18,,,,68.81,18.89,,,25.54,2.13,,,,,,,,,,,,,26.19,34.9,,,,,,,,,
20-May-2015,15:30,20-May-2015,15:45,Maharashtra,Navi Mumbai,Airoli, Navi Mumbai - MPCB,0.11,237.81,,,,56.42,148.57,,,,57.32,16.6,,,25.64,2.16,,,,,,,,,,,,,26.22,34.79,,,,,,,,,
20-May-2015,15:45,20-May-2015,16:00,Maharashtra,Navi Mumbai,Airoli, Navi Mumbai - MPCB,0.57,211.76,,,,57.12,124.74,,,,48.49,14.83,,,25.65,2.11,,,,,,,,,,,,,24.99,34.56,,,,,,,,,
20-May-2015,16:00,20-May-2015,16:15,Maharashtra,Navi Mumbai,Airoli, Navi Mumbai - MPCB,0.3,208.24,,,,57.34,82.42,,,,37.18,12.57,,,25.62,2.12,,,,,,,,,,,,,24.93,34.41,,,,,,,,,
20-May-2015,16:15,20-May-2015,16:30,Maharashtra,Navi Mumbai,Airoli, Navi Mumbai - MPCB,,,,,,,,,,,,,,,,,,,,,,,,,,,,,,,,,,,,,,,
20-May-2015,16:30,20-May-2015,16:45,Maharashtra,Navi Mumbai,Airoli, Navi Mumbai - MPCB,,,,,,,,,,,,,,,,,,,,,,,,,,,,,,,,,,,,,,,
20-May-2015,16:45,20-May-2015,17:00,Maharashtra,Navi Mumbai,Airoli, Navi Mumbai - MPCB,0.1,219.67,,,,57.81,74.37,,,,36.68,12.47,,,140.48,2.14,,,,,,,,,,,,,20.95,34.02,,,,,,,,,
20-May-2015,17:00,20-May-2015,17:15,Maharashtra,Navi Mumbai,Airoli, Navi Mumbai - MPCB,0.68,238.73,,,,58.57,58.49,,,,8.99,5.36,,,57.78,2.17,,,,,,,,,,,,,23.83,34.08,,,,,,,,,
20-May-2015,17:15,20-May-2015,17:30,Maharashtra,Navi Mumbai,Airoli, Navi Mumbai - MPCB,0.99,221.63,,,,59.94,50.71,,,,,,,,33.5,2.21,,,,,,,,,,,,,23.86,33.58,,,,,,,,,
20-May-2015,17:30,20-May-2015,17:45,Maharashtra,Navi Mumbai,Airoli, Navi Mumbai - MPCB,0.55,250.17,,,,60.94,43.41,,,,,,,,27.66,2.21,,,,,,,,,,,,,24.98,33.29,,,,,,,,,
20-May-2015,17:45,20-May-2015,18:00,Maharashtra,Navi Mumbai,Airoli, Navi Mumbai - MPCB,0.6,250.81,,,,61.61,38.45,,,,2.34,1.85,,,26.25,2.19,,,,,,,,,,,,,25.0,33.07,,,,,,,,,
20-May-2015,18:00,20-May-2015,18:15,Maharashtra,Navi Mumbai,Airoli, Navi Mumbai - MPCB,0.19,228.0,,,,62.44,25.08,,,,57.84,16.7,,,26.12,2.22,,,,,,,,,,,,,25.47,32.83,,,,,,,,,
20-May-2015,18:15,20-May-2015,18:30,Maharashtra,Navi Mumbai,Airoli, Navi Mumbai - MPCB,0.66,200.87,,,,63.11,14.95,,,,107.27,26.59,,,26.0,2.22,,,,,,,,,,,,,25.66,32.52,,,,,,,,,
20-May-2015,18:30,20-May-2015,18:45,Maharashtra,Navi Mumbai,Airoli, Navi Mumbai - MPCB,0.43,199.94,,,,63.94,4.46,,,,112.94,27.72,,,25.94,2.27,,,,,,,,,,,,,25.74,32.21,,,,,,,,,
20-May-2015,18:45,20-May-2015,19:00,Maharashtra,Navi Mumbai,Airoli, Navi Mumbai - MPCB,0.42,241.69,,,,65.48,0.19,,,,94.56,24.04,,,25.53,2.25,,,,,,,,,,,,,26.14,32.01,,,,,,,,,
20-May-2015,19:00,20-May-2015,19:15,Maharashtra,Navi Mumbai,Airoli, Navi Mumbai - MPCB,0.39,273.95,,,,66.4,,,,,90.14,23.16,,,25.78,2.23,,,,,,,,,,,,,26.68,31.72,,,,,,,,,
20-May-2015,19:15,20-May-2015,19:30,Maharashtra,Navi Mumbai,Airoli, Navi Mumbai - MPCB,0.16,211.31,,,,68.05,,,,,107.13,26.56,,,25.35,2.23,,,,,,,,,,,,,26.76,31.58,,,,,,,,,
20-May-2015,19:30,20-May-2015,19:45,Maharashtra,Navi Mumbai,Airoli, Navi Mumbai - MPCB,0.2,204.29,,,,69.13,,,,,138.47,32.83,,,25.61,2.24,,,,,,,,,,,,,26.43,31.21,,,,,,,,,
20-May-2015,19:45,20-May-2015,20:00,Maharashtra,Navi Mumbai,Airoli, Navi Mumbai - MPCB,0.22,196.61,,,,70.55,,,,,150.76,35.28,,,25.19,2.23,,,,,,,,,,,,,26.43,31.07,,,,,,,,,
20-May-2015,20:00,20-May-2015,20:15,Maharashtra,Navi Mumbai,Airoli, Navi Mumbai - MPCB,0.14,226.23,,,,72.31,,,,,150.84,35.3,,,25.4,2.25,,,,,,,,,,,,,26.71,30.9,,,,,,,,,
20-May-2015,20:15,20-May-2015,20:30,Maharashtra,Navi Mumbai,Airoli, Navi Mumbai - MPCB,0.1,238.89,,,,73.09,,,,,140.97,33.33,,,25.34,2.24,,,,,,,,,,,,,26.11,30.79,,,,,,,,,
20-May-2015,20:30,20-May-2015,20:45,Maharashtra,Navi Mumbai,Airoli, Navi Mumbai - MPCB,0.51,283.82,,,,73.45,,,,,128.81,30.89,,,25.16,2.23,,,,,,,,,,,,,26.19,30.72,,,,,,,,,
20-May-2015,20:45,20-May-2015,21:00,Maharashtra,Navi Mumbai,Airoli, Navi Mumbai - MPCB,0.37,266.86,,,,73.62,,,,,113.4,27.81,,,25.07,2.25,,,,,,,,,,,,,25.67,30.61,,,,,,,,,
20-May-2015,21:00,20-May-2015,21:15,Maharashtra,Navi Mumbai,Airoli, Navi Mumbai - MPCB,0.11,285.76,,,,74.01,,,,,118.15,28.76,,,24.96,2.23,,,,,,,,,,,,,26.23,30.59,,,,,,,,,
20-May-2015,21:15,20-May-2015,21:30,Maharashtra,Navi Mumbai,Airoli, Navi Mumbai - MPCB,0.04,350.29,,,,74.6,,,,,127.43,30.62,,,25.06,2.25,,,,,,,,,,,,,26.1,30.5,,,,,,,,,
20-May-2015,21:30,20-May-2015,21:45,Maharashtra,Navi Mumbai,Airoli, Navi Mumbai - MPCB,0.08,179.51,,,,75.4,,,,,124.05,29.94,,,24.96,2.25,,,,,,,,,,,,,25.79,30.34,,,,,,,,,
20-May-2015,21:45,20-May-2015,22:00,Maharashtra,Navi Mumbai,Airoli, Navi Mumbai - MPCB,,,,,,76.32,,,,,100.99,25.33,,,25.01,2.24,,,,,,,,,,,,,25.62,30.32,,,,,,,,,
20-May-2015,22:00,20-May-2015,22:15,Maharashtra,Navi Mumbai,Airoli, Navi Mumbai - MPCB,0.14,321.29,,,,76.33,,,,,82.66,21.66,,,24.9,2.24,,,,,,,,,,,,,25.5,30.22,,,,,,,,,
20-May-2015,22:15,20-May-2015,22:30,Maharashtra,Navi Mumbai,Airoli, Navi Mumbai - MPCB,0.01,159.79,,,,76.7,,,,,85.99,22.33,,,25.1,2.26,,,,,,,,,,,,,25.95,30.18,,,,,,,,,
20-May-2015,22:30,20-May-2015,22:45,Maharashtra,Navi Mumbai,Airoli, Navi Mumbai - MPCB,,,,,,77.41,,,,,104.52,26.04,,,24.99,2.25,,,,,,,,,,,,,25.27,29.94,,,,,,,,,
20-May-2015,22:45,20-May-2015,23:00,Maharashtra,Navi Mumbai,Airoli, Navi Mumbai - MPCB,,,,,,78.32,,,,,96.47,24.43,,,24.94,2.23,,,,,,,,,,,,,25.35,29.74,,,,,,,,,
20-May-2015,23:00,20-May-2015,23:15,Maharashtra,Navi Mumbai,Airoli, Navi Mumbai - MPCB,0.05,199.0,,,,79.01,,,,,52.87,15.71,,,25.84,2.23,,,,,,,,,,,,,25.61,29.67,,,,,,,,,
20-May-2015,23:15,20-May-2015,23:30,Maharashtra,Navi Mumbai,Airoli, Navi Mumbai - MPCB,0.06,7.89,,,,78.74,,,,,9.16,6.64,,,25.98,2.2,,,,,,,,,,,,,24.1,29.81,,,,,,,,,
20-May-2015,23:30,20-May-2015,23:45,Maharashtra,Navi Mumbai,Airoli, Navi Mumbai - MPCB,,,,,,78.52,,,,,,2.82,,,25.65,2.17,,,,,,,,,,,,,24.42,29.79,,,,,,,,,
20-May-2015,23:45,21-May-2015,00:00,Maharashtra,Navi Mumbai,Airoli, Navi Mumbai - MPCB,,,,,,78.93,,,,,,0.72,,,25.26,2.15,,,,,,,,,,,,,22.99,29.75,,,,,,,,,
21-May-2015,00:00,21-May-2015,00:15,Maharashtra,Navi Mumbai,Airoli, Navi Mumbai - MPCB,,,,,,79.81,,,,,,0.68,,,25.29,2.11,,,,,,,,,,,,,22.17,29.58,,,,,,,,,
21-May-2015,00:15,21-May-2015,00:30,Maharashtra,Navi Mumbai,Airoli, Navi Mumbai - MPCB,,,,,,80.6,,,,,,,,,25.15,2.13,,,,,,,,,,,,,22.96,29.72,,,,,,,,,
21-May-2015,00:30,21-May-2015,00:45,Maharashtra,Navi Mumbai,Airoli, Navi Mumbai - MPCB,,,,,,80.89,,,,,1.18,3.53,,,25.44,2.15,,,,,,,,,,,,,22.41,29.9,,,,,,,,,
21-May-2015,00:45,21-May-2015,01:00,Maharashtra,Navi Mumbai,Airoli, Navi Mumbai - MPCB,,,,,,81.22,,,,,14.13,7.96,,,25.68,2.15,,,,,,,,,,,,,22.86,29.76,,,,,,,,,
21-May-2015,01:00,21-May-2015,01:15,Maharashtra,Navi Mumbai,Airoli, Navi Mumbai - MPCB,,,,,,81.51,,,,,25.24,10.18,,,25.56,2.18,,,,,,,,,,,,,23.19,29.56,,,,,,,,,
21-May-2015,01:15,21-May-2015,01:30,Maharashtra,Navi Mumbai,Airoli, Navi Mumbai - MPCB,0.01,6.0,,,,81.78,,,,,21.88,9.51,,,25.54,2.16,,,,,,,,,,,,,22.38,29.51,,,,,,,,,
21-May-2015,01:30,21-May-2015,01:45,Maharashtra,Navi Mumbai,Airoli, Navi Mumbai - MPCB,,,,,,82.01,,,,,33.65,11.86,,,25.77,2.16,,,,,,,,,,,,,22.87,29.69,,,,,,,,,
21-May-2015,01:45,21-May-2015,02:00,Maharashtra,Navi Mumbai,Airoli, Navi Mumbai - MPCB,,,,,,82.26,,,,,38.58,12.85,,,25.81,2.15,,,,,,,,,,,,,22.93,29.37,,,,,,,,,
21-May-2015,02:00,21-May-2015,02:15,Maharashtra,Navi Mumbai,Airoli, Navi Mumbai - MPCB,0.03,181.0,,,,81.71,,,,,44.32,14.0,,,25.68,2.17,,,,,,,,,,,,,23.44,29.41,,,,,,,,,
21-May-2015,02:15,21-May-2015,02:30,Maharashtra,Navi Mumbai,Airoli, Navi Mumbai - MPCB,0.01,164.0,,,,80.55,,,,,38.02,12.74,,,25.95,2.15,,,,,,,,,,,,,23.19,29.5,,,,,,,,,
21-May-2015,02:30,21-May-2015,02:45,Maharashtra,Navi Mumbai,Airoli, Navi Mumbai - MPCB,,,,,,79.47,,,,,43.2,13.77,,,25.87,2.14,,,,,,,,,,,,,23.6,29.82,,,,,,,,,
21-May-2015,02:45,21-May-2015,03:00,Maharashtra,Navi Mumbai,Airoli, Navi Mumbai - MPCB,,,,,,79.57,,,,,56.1,16.35,,,25.68,2.18,,,,,,,,,,,,,23.31,29.77,,,,,,,,,
21-May-2015,03:00,21-May-2015,03:15,Maharashtra,Navi Mumbai,Airoli, Navi Mumbai - MPCB,,,,,,79.71,,,,,77.23,20.58,,,25.75,2.16,,,,,,,,,,,,,23.14,29.71,,,,,,,,,
21-May-2015,03:15,21-May-2015,03:30,Maharashtra,Navi Mumbai,Airoli, Navi Mumbai - MPCB,0.02,158.0,,,,79.69,,,,,70.78,19.29,,,25.91,2.15,,,,,,,,,,,,,23.74,29.54,,,,,,,,,
21-May-2015,03:30,21-May-2015,03:45,Maharashtra,Navi Mumbai,Airoli, Navi Mumbai - MPCB,,,,,,79.53,,,,,51.31,15.39,,,25.96,2.17,,,,,,,,,,,,,23.98,29.43,,,,,,,,,
21-May-2015,03:45,21-May-2015,04:00,Maharashtra,Navi Mumbai,Airoli, Navi Mumbai - MPCB,,,,,,80.21,,,,,55.26,16.18,,,25.87,2.14,,,,,,,,,,,,,23.98,29.3,,,,,,,,,
21-May-2015,04:00,21-May-2015,04:15,Maharashtra,Navi Mumbai,Airoli, Navi Mumbai - MPCB,,,,,,80.52,,,,,78.86,20.9,,,25.95,2.17,,,,,,,,,,,,,23.89,29.3,,,,,,,,,
21-May-2015,04:15,21-May-2015,04:30,Maharashtra,Navi Mumbai,Airoli, Navi Mumbai - MPCB,,,,,,81.1,,,,,97.0,24.53,,,25.9,2.16,,,,,,,,,,,,,23.52,29.21,,,,,,,,,
21-May-2015,04:30,21-May-2015,04:45,Maharashtra,Navi Mumbai,Airoli, Navi Mumbai - MPCB,,,,,,81.45,,,,,81.78,21.49,,,25.75,2.16,,,,,,,,,,,,,23.84,29.25,,,,,,,,,
21-May-2015,04:45,21-May-2015,05:00,Maharashtra,Navi Mumbai,Airoli, Navi Mumbai - MPCB,,,,,,81.37,,,,,67.79,18.69,,,25.96,2.14,,,,,,,,,,,,,24.58,29.28,,,,,,,,,
21-May-2015,05:00,21-May-2015,05:15,Maharashtra,Navi Mumbai,Airoli, Navi Mumbai - MPCB,,,,,,81.83,,,,,40.37,13.21,,,26.04,2.16,,,,,,,,,,,,,23.43,29.17,,,,,,,,,
21-May-2015,05:15,21-May-2015,05:30,Maharashtra,Navi Mumbai,Airoli, Navi Mumbai - MPCB,,,,,,82.41,,,,,43.69,13.87,,,25.89,2.18,,,,,,,,,,,,,23.84,29.03,,,,,,,,,
21-May-2015,05:30,21-May-2015,05:45,Maharashtra,Navi Mumbai,Airoli, Navi Mumbai - MPCB,,,,,,82.76,,,,,67.81,18.69,,,25.81,2.18,,,,,,,,,,,,,23.69,28.92,,,,,,,,,
21-May-2015,05:45,21-May-2015,06:00,Maharashtra,Navi Mumbai,Airoli, Navi Mumbai - MPCB,,,,,,82.63,,,,,111.99,27.53,,,25.89,2.2,,,,,,,,,,,,,24.85,28.91,,,,,,,,,
21-May-2015,06:00,21-May-2015,06:15,Maharashtra,Navi Mumbai,Airoli, Navi Mumbai - MPCB,,,,,,83.05,,,,,136.03,32.34,,,25.88,2.19,,,,,,,,,,,,,25.83,28.82,,,,,,,,,
21-May-2015,06:15,21-May-2015,06:30,Maharashtra,Navi Mumbai,Airoli, Navi Mumbai - MPCB,,,,,,83.35,,,,,152.33,35.6,,,26.05,2.2,,,,,,,,,,,,,25.5,28.79,,,,,,,,,
21-May-2015,06:30,21-May-2015,06:45,Maharashtra,Navi Mumbai,Airoli, Navi Mumbai - MPCB,,,,,,83.2,,,,,157.52,36.64,,,25.68,2.2,,,,,,,,,,,,,26.64,28.88,,,,,,,,,
21-May-2015,06:45,21-May-2015,07:00,Maharashtra,Navi Mumbai,Airoli, Navi Mumbai - MPCB,,,,,,82.92,7.88,,,,177.3,40.59,,,25.61,2.23,,,,,,,,,,,,,26.28,29.08,,,,,,,,,
21-May-2015,07:00,21-May-2015,07:15,Maharashtra,Navi Mumbai,Airoli, Navi Mumbai - MPCB,,,,,,81.65,29.42,,,,200.8,45.29,,,25.5,2.21,,,,,,,,,,,,,25.9,29.33,,,,,,,,,
21-May-2015,07:15,21-May-2015,07:30,Maharashtra,Navi Mumbai,Airoli, Navi Mumbai - MPCB,,,,,,79.57,75.14,,,,187.12,42.56,,,25.72,2.23,,,,,,,,,,,,,26.43,29.71,,,,,,,,,
21-May-2015,07:30,21-May-2015,07:45,Maharashtra,Navi Mumbai,Airoli, Navi Mumbai - MPCB,0.07,319.12,,,,77.34,135.89,,,,169.85,39.1,,,25.31,2.24,,,,,,,,,,,,,26.58,30.2,,,,,,,,,
21-May-2015,07:45,21-May-2015,08:00,Maharashtra,Navi Mumbai,Airoli, Navi Mumbai - MPCB,0.04,268.16,,,,75.28,188.67,,,,125.03,30.14,,,25.06,2.24,,,,,,,,,,,,,26.85,30.62,,,,,,,,,
21-May-2015,08:00,21-May-2015,08:15,Maharashtra,Navi Mumbai,Airoli, Navi Mumbai - MPCB,0.1,219.05,,,,72.75,166.27,,,,107.94,26.72,,,25.13,2.22,,,,,,,,,,,,,27.01,31.06,,,,,,,,,
21-May-2015,08:15,21-May-2015,08:30,Maharashtra,Navi Mumbai,Airoli, Navi Mumbai - MPCB,0.29,237.12,,,,73.29,131.31,,,,76.45,20.42,,,25.08,2.22,,,,,,,,,,,,,26.0,30.9,,,,,,,,,
21-May-2015,08:30,21-May-2015,08:45,Maharashtra,Navi Mumbai,Airoli, Navi Mumbai - MPCB,0.14,249.82,,,,72.74,344.37,,,,87.54,22.64,,,25.16,2.23,,,,,,,,,,,,,25.86,31.1,,,,,,,,,
21-May-2015,08:45,21-May-2015,09:00,Maharashtra,Navi Mumbai,Airoli, Navi Mumbai - MPCB,0.09,0.59,,,,69.67,240.07,,,,113.17,27.77,,,24.84,2.25,,,,,,,,,,,,,25.99,31.96,,,,,,,,,
21-May-2015,09:00,21-May-2015,09:15,Maharashtra,Navi Mumbai,Airoli, Navi Mumbai - MPCB,0.21,308.67,,,,68.9,326.41,,,,104.35,26.0,,,25.23,2.26,,,,,,,,,,,,,25.88,31.66,,,,,,,,,
21-May-2015,09:15,21-May-2015,09:30,Maharashtra,Navi Mumbai,Airoli, Navi Mumbai - MPCB,0.19,320.84,,,,66.22,477.77,,,,95.59,24.25,,,25.1,2.26,,,,,,,,,,,,,25.38,31.97,,,,,,,,,
21-May-2015,09:30,21-May-2015,09:45,Maharashtra,Navi Mumbai,Airoli, Navi Mumbai - MPCB,0.06,34.39,,,,63.84,453.47,,,,61.21,17.37,,,25.02,2.26,,,,,,,,,,,,,25.84,32.8,,,,,,,,,
21-May-2015,09:45,21-May-2015,10:00,Maharashtra,Navi Mumbai,Airoli, Navi Mumbai - MPCB,0.28,222.89,,,,61.13,527.36,,,,78.21,20.77,,,25.08,2.22,,,,,,,,,,,,,26.22,33.17,,,,,,,,,
21-May-2015,10:00,21-May-2015,10:15,Maharashtra,Navi Mumbai,Airoli, Navi Mumbai - MPCB,0.24,282.42,,,,61.57,522.34,,,,81.65,21.46,,,25.12,2.24,,,,,,,,,,,,,25.54,33.34,,,,,,,,,
21-May-2015,10:15,21-May-2015,10:30,Maharashtra,Navi Mumbai,Airoli, Navi Mumbai - MPCB,0.02,297.2,,,,61.28,559.58,,,,81.04,21.34,,,25.05,2.26,,,,,,,,,,,,,25.6,33.14,,,,,,,,,
21-May-2015,10:30,21-May-2015,10:45,Maharashtra,Navi Mumbai,Airoli, Navi Mumbai - MPCB,0.28,244.78,,,,58.51,660.0,,,,90.45,23.22,,,25.12,2.24,,,,,,,,,,,,,25.56,33.48,,,,,,,,,
21-May-2015,10:45,21-May-2015,11:00,Maharashtra,Navi Mumbai,Airoli, Navi Mumbai - MPCB,0.34,289.89,,,,58.96,675.14,,,,92.89,23.71,,,24.79,2.25,,,,,,,,,,,,,24.71,33.68,,,,,,,,,
21-May-2015,11:00,21-May-2015,11:15,Maharashtra,Navi Mumbai,Airoli, Navi Mumbai - MPCB,0.14,342.21,,,,58.4,538.86,,,,99.89,25.11,,,25.05,2.21,,,,,,,,,,,,,24.77,34.05,,,,,,,,,
21-May-2015,11:15,21-May-2015,11:30,Maharashtra,Navi Mumbai,Airoli, Navi Mumbai - MPCB,0.58,273.48,,,,58.55,548.6,,,,84.57,22.05,,,24.97,2.22,,,,,,,,,,,,,24.43,34.2,,,,,,,,,
21-May-2015,11:30,21-May-2015,11:45,Maharashtra,Navi Mumbai,Airoli, Navi Mumbai - MPCB,0.86,224.38,,,,58.69,731.04,,,,78.22,20.78,,,24.91,2.23,,,,,,,,,,,,,24.52,33.77,,,,,,,,,
21-May-2015,11:45,21-May-2015,12:00,Maharashtra,Navi Mumbai,Airoli, Navi Mumbai - MPCB,0.67,271.03,,,,57.34,799.51,,,,70.49,19.23,,,25.15,2.17,,,,,,,,,,,,,24.25,34.34,,,,,,,,,
21-May-2015,12:00,21-May-2015,12:15,Maharashtra,Navi Mumbai,Airoli, Navi Mumbai - MPCB,0.77,272.12,,,,56.03,532.11,,,,98.97,24.93,,,25.46,2.18,,,,,,,,,,,,,22.89,34.57,,,,,,,,,
21-May-2015,12:15,21-May-2015,12:30,Maharashtra,Navi Mumbai,Airoli, Navi Mumbai - MPCB,0.58,245.6,,,,56.64,421.42,,,,54.35,16.0,,,25.29,2.15,,,,,,,,,,,,,22.69,34.2,,,,,,,,,
21-May-2015,12:30,21-May-2015,12:45,Maharashtra,Navi Mumbai,Airoli, Navi Mumbai - MPCB,0.61,221.74,,,,55.79,662.42,,,,0.26,1.25,,,25.34,2.19,,,,,,,,,,,,,23.04,34.4,,,,,,,,,
21-May-2015,12:45,21-May-2015,13:00,Maharashtra,Navi Mumbai,Airoli, Navi Mumbai - MPCB,0.7,258.35,,,,53.74,837.42,,,,0.55,1.78,,,25.36,2.16,,,,,,,,,,,,,22.9,35.31,,,,,,,,,
21-May-2015,13:00,21-May-2015,13:15,Maharashtra,Navi Mumbai,Airoli, Navi Mumbai - MPCB,0.75,210.97,,,,54.53,805.05,,,,52.13,15.56,,,25.47,2.13,,,,,,,,,,,,,22.58,34.95,,,,,,,,,
21-May-2015,13:15,21-May-2015,13:30,Maharashtra,Navi Mumbai,Airoli, Navi Mumbai - MPCB,0.63,237.92,,,,55.92,617.31,,,,97.97,24.73,,,25.52,2.16,,,,,,,,,,,,,22.45,34.61,,,,,,,,,
21-May-2015,13:30,21-May-2015,13:45,Maharashtra,Navi Mumbai,Airoli, Navi Mumbai - MPCB,0.48,272.56,,,,55.96,636.67,,,,43.79,13.89,,,25.6,2.16,,,,,,,,,,,,,22.33,34.94,,,,,,,,,
21-May-2015,13:45,21-May-2015,14:00,Maharashtra,Navi Mumbai,Airoli, Navi Mumbai - MPCB,0.9,262.93,,,,56.27,550.39,,,,45.97,14.33,,,25.69,2.16,,,,,,,,,,,,,22.4,34.9,,,,,,,,,
21-May-2015,14:00,21-May-2015,14:15,Maharashtra,Navi Mumbai,Airoli, Navi Mumbai - MPCB,0.53,194.44,,,,57.42,498.16,,,,46.4,14.41,,,25.93,2.18,,,,,,,,,,,,,23.12,34.62,,,,,,,,,
21-May-2015,14:15,21-May-2015,14:30,Maharashtra,Navi Mumbai,Airoli, Navi Mumbai - MPCB,0.42,238.31,,,,56.94,527.16,,,,54.43,16.02,,,25.78,2.15,,,,,,,,,,,,,23.1,34.86,,,,,,,,,
21-May-2015,14:30,21-May-2015,14:45,Maharashtra,Navi Mumbai,Airoli, Navi Mumbai - MPCB,0.56,271.3,,,,57.77,429.53,,,,39.09,12.95,,,25.89,2.17,,,,,,,,,,,,,22.67,34.5,,,,,,,,,
21-May-2015,14:45,21-May-2015,15:00,Maharashtra,Navi Mumbai,Airoli, Navi Mumbai - MPCB,0.83,262.12,,,,58.53,341.02,,,,60.25,17.18,,,25.87,2.14,,,,,,,,,,,,,23.24,34.46,,,,,,,,,
21-May-2015,15:00,21-May-2015,15:15,Maharashtra,Navi Mumbai,Airoli, Navi Mumbai - MPCB,0.99,225.8,,,,56.41,239.43,,,,76.47,20.43,,,25.96,2.16,,,,,,,,,,,,,23.19,34.97,,,,,,,,,
21-May-2015,15:15,21-May-2015,15:30,Maharashtra,Navi Mumbai,Airoli, Navi Mumbai - MPCB,0.46,241.17,,,,57.01,281.35,,,,85.0,22.13,,,25.71,2.16,,,,,,,,,,,,,22.96,34.62,,,,,,,,,
21-May-2015,15:30,21-May-2015,15:45,Maharashtra,Navi Mumbai,Airoli, Navi Mumbai - MPCB,0.42,198.13,,,,56.63,149.26,,,,92.51,23.63,,,25.79,2.18,,,,,,,,,,,,,22.32,34.84,,,,,,,,,
21-May-2015,15:45,21-May-2015,16:00,Maharashtra,Navi Mumbai,Airoli, Navi Mumbai - MPCB,0.29,229.19,,,,57.19,119.78,,,,94.48,24.03,,,25.87,2.18,,,,,,,,,,,,,23.01,34.69,,,,,,,,,
21-May-2015,16:00,21-May-2015,16:15,Maharashtra,Navi Mumbai,Airoli, Navi Mumbai - MPCB,0.47,230.2,,,,57.27,88.3,,,,93.29,23.79,,,26.03,2.17,,,,,,,,,,,,,23.43,34.55,,,,,,,,,
21-May-2015,16:15,21-May-2015,16:30,Maharashtra,Navi Mumbai,Airoli, Navi Mumbai - MPCB,0.23,268.38,,,,57.04,73.06,,,,93.07,23.75,,,26.07,2.16,,,,,,,,,,,,,23.29,34.65,,,,,,,,,
21-May-2015,16:30,21-May-2015,16:45,Maharashtra,Navi Mumbai,Airoli, Navi Mumbai - MPCB,0.72,219.3,,,,58.78,101.84,,,,88.47,22.83,,,25.76,2.16,,,,,,,,,,,,,22.49,34.4,,,,,,,,,
21-May-2015,16:45,21-May-2015,17:00,Maharashtra,Navi Mumbai,Airoli, Navi Mumbai - MPCB,0.93,215.54,,,,59.03,76.36,,,,85.97,22.33,,,25.95,2.2,,,,,,,,,,,,,22.95,34.11,,,,,,,,,
21-May-2015,17:00,21-May-2015,17:15,Maharashtra,Navi Mumbai,Airoli, Navi Mumbai - MPCB,1.02,229.47,,,,59.93,56.97,,,,81.82,21.5,,,25.9,2.16,,,,,,,,,,,,,24.06,33.72,,,,,,,,,
21-May-2015,17:15,21-May-2015,17:30,Maharashtra,Navi Mumbai,Airoli, Navi Mumbai - MPCB,0.73,222.27,,,,60.86,50.51,,,,120.82,29.3,,,25.96,2.19,,,,,,,,,,,,,23.61,33.55,,,,,,,,,
21-May-2015,17:30,21-May-2015,17:45,Maharashtra,Navi Mumbai,Airoli, Navi Mumbai - MPCB,0.5,228.12,,,,61.21,42.58,,,,133.42,31.82,,,25.99,2.19,,,,,,,,,,,,,23.27,33.57,,,,,,,,,
21-May-2015,17:45,21-May-2015,18:00,Maharashtra,Navi Mumbai,Airoli, Navi Mumbai - MPCB,0.31,207.12,,,,61.59,30.98,,,,134.77,32.09,,,25.95,2.19,,,,,,,,,,,,,23.23,33.18,,,,,,,,,
21-May-2015,18:00,21-May-2015,18:15,Maharashtra,Navi Mumbai,Airoli, Navi Mumbai - MPCB,0.16,227.26,,,,62.46,24.67,,,,97.33,24.6,,,25.96,2.14,,,,,,,,,,,,,23.31,32.88,,,,,,,,,
21-May-2015,18:15,21-May-2015,18:30,Maharashtra,Navi Mumbai,Airoli, Navi Mumbai - MPCB,0.13,220.79,,,,64.55,14.74,,,,116.09,28.35,,,26.03,2.17,,,,,,,,,,,,,23.72,32.72,,,,,,,,,
21-May-2015,18:30,21-May-2015,18:45,Maharashtra,Navi Mumbai,Airoli, Navi Mumbai - MPCB,0.1,233.05,,,,63.76,5.4,,,,133.23,31.78,,,25.88,2.2,,,,,,,,,,,,,24.3,32.34,,,,,,,,,
21-May-2015,18:45,21-May-2015,19:00,Maharashtra,Navi Mumbai,Airoli, Navi Mumbai - MPCB,0.33,232.55,,,,65.16,0.76,,,,142.54,33.64,,,26.13,2.21,,,,,,,,,,,,,24.59,32.06,,,,,,,,,
21-May-2015,19:00,21-May-2015,19:15,Maharashtra,Navi Mumbai,Airoli, Navi Mumbai - MPCB,0.09,223.5,,,,65.79,,,,,134.22,31.98,,,26.22,2.23,,,,,,,,,,,,,25.06,31.83,,,,,,,,,
21-May-2015,19:15,21-May-2015,19:30,Maharashtra,Navi Mumbai,Airoli, Navi Mumbai - MPCB,0.28,206.52,,,,66.52,,,,,143.45,33.82,,,26.19,2.25,,,,,,,,,,,,,24.95,31.55,,,,,,,,,
21-May-2015,19:30,21-May-2015,19:45,Maharashtra,Navi Mumbai,Airoli, Navi Mumbai - MPCB,0.17,235.5,,,,67.46,,,,,157.95,36.72,,,25.89,2.26,,,,,,,,,,,,,24.98,31.39,,,,,,,,,
21-May-2015,19:45,21-May-2015,20:00,Maharashtra,Navi Mumbai,Airoli, Navi Mumbai - MPCB,0.44,237.44,,,,69.38,,,,,144.56,34.04,,,25.47,2.23,,,,,,,,,,,,,25.27,31.31,,,,,,,,,
21-May-2015,20:00,21-May-2015,20:15,Maharashtra,Navi Mumbai,Airoli, Navi Mumbai - MPCB,0.06,162.81,,,,70.07,,,,,138.85,32.9,,,25.66,2.21,,,,,,,,,,,,,25.27,31.14,,,,,,,,,
21-May-2015,20:15,21-May-2015,20:30,Maharashtra,Navi Mumbai,Airoli, Navi Mumbai - MPCB,0.57,222.4,,,,69.61,,,,,147.86,34.7,,,25.46,2.26,,,,,,,,,,,,,24.95,30.98,,,,,,,,,
21-May-2015,20:30,21-May-2015,20:45,Maharashtra,Navi Mumbai,Airoli, Navi Mumbai - MPCB,0.19,208.63,,,,69.5,,,,,154.18,35.97,,,25.34,2.26,,,,,,,,,,,,,25.17,30.92,,,,,,,,,
21-May-2015,20:45,21-May-2015,21:00,Maharashtra,Navi Mumbai,Airoli, Navi Mumbai - MPCB,0.27,243.25,,,,69.64,,,,,140.31,33.19,,,25.16,2.26,,,,,,,,,,,,,24.67,30.9,,,,,,,,,
21-May-2015,21:00,21-May-2015,21:15,Maharashtra,Navi Mumbai,Airoli, Navi Mumbai - MPCB,0.13,218.35,,,,70.24,,,,,123.8,29.89,,,25.44,2.24,,,,,,,,,,,,,25.0,30.73,,,,,,,,,
21-May-2015,21:15,21-May-2015,21:30,Maharashtra,Navi Mumbai,Airoli, Navi Mumbai - MPCB,0.21,236.65,,,,71.02,,,,,112.99,27.73,,,25.27,2.27,,,,,,,,,,,,,25.31,30.71,,,,,,,,,
21-May-2015,21:30,21-May-2015,21:45,Maharashtra,Navi Mumbai,Airoli, Navi Mumbai - MPCB,0.08,205.7,,,,71.86,,,,,112.13,27.56,,,25.19,2.28,,,,,,,,,,,,,24.69,30.57,,,,,,,,,
21-May-2015,21:45,21-May-2015,22:00,Maharashtra,Navi Mumbai,Airoli, Navi Mumbai - MPCB,0.08,220.78,,,,72.32,,,,,120.21,29.17,,,25.0,2.32,,,,,,,,,,,,,24.2,30.53,,,,,,,,,
21-May-2015,22:00,21-May-2015,22:15,Maharashtra,Navi Mumbai,Airoli, Navi Mumbai - MPCB,0.12,211.36,,,,72.92,,,,,131.64,31.46,,,25.18,2.29,,,,,,,,,,,,,24.66,30.53,,,,,,,,,
21-May-2015,22:15,21-May-2015,22:30,Maharashtra,Navi Mumbai,Airoli, Navi Mumbai - MPCB,0.1,216.33,,,,72.36,,,,,133.63,31.86,,,25.1,2.3,,,,,,,,,,,,,24.85,30.42,,,,,,,,,
21-May-2015,22:30,21-May-2015,22:45,Maharashtra,Navi Mumbai,Airoli, Navi Mumbai - MPCB,0.02,259.0,,,,72.73,,,,,114.14,27.96,,,25.18,2.27,,,,,,,,,,,,,24.28,30.37,,,,,,,,,
21-May-2015,22:45,21-May-2015,23:00,Maharashtra,Navi Mumbai,Airoli, Navi Mumbai - MPCB,0.01,199.0,,,,73.41,,,,,85.38,22.21,,,25.03,2.27,,,,,,,,,,,,,24.36,30.3,,,,,,,,,
21-May-2015,23:00,21-May-2015,23:15,Maharashtra,Navi Mumbai,Airoli, Navi Mumbai - MPCB,,,,,,73.82,,,,,59.83,17.1,,,25.13,2.29,,,,,,,,,,,,,24.63,30.22,,,,,,,,,
21-May-2015,23:15,21-May-2015,23:30,Maharashtra,Navi Mumbai,Airoli, Navi Mumbai - MPCB,,,,,,74.68,,,,,78.27,20.79,,,25.2,2.28,,,,,,,,,,,,,23.64,30.29,,,,,,,,,
21-May-2015,23:30,21-May-2015,23:45,Maharashtra,Navi Mumbai,Airoli, Navi Mumbai - MPCB,0.03,163.0,,,,75.43,,,,,110.46,27.22,,,24.97,2.3,,,,,,,,,,,,,24.13,30.01,,,,,,,,,
21-May-2015,23:45,22-May-2015,00:00,Maharashtra,Navi Mumbai,Airoli, Navi Mumbai - MPCB,,,,,,76.06,,,,,141.72,33.48,,,25.0,2.27,,,,,,,,,,,,,24.02,29.73,,,,,,,,,
22-May-2015,00:00,22-May-2015,00:15,Maharashtra,Navi Mumbai,Airoli, Navi Mumbai - MPCB,0.03,202.0,,,,76.35,,,,,145.85,34.3,,,25.23,2.31,,,,,,,,,,,,,23.22,29.69,,,,,,,,,
22-May-2015,00:15,22-May-2015,00:30,Maharashtra,Navi Mumbai,Airoli, Navi Mumbai - MPCB,0.04,200.0,,,,76.15,,,,,66.27,18.38,,,25.11,2.29,,,,,,,,,,,,,23.45,29.98,,,,,,,,,
22-May-2015,00:30,22-May-2015,00:45,Maharashtra,Navi Mumbai,Airoli, Navi Mumbai - MPCB,,,,,,76.3,,,,,1.03,0.63,,,24.79,2.26,,,,,,,,,,,,,22.59,30.08,,,,,,,,,
22-May-2015,00:45,22-May-2015,01:00,Maharashtra,Navi Mumbai,Airoli, Navi Mumbai - MPCB,,,,,,76.12,,,,,46.24,14.38,,,24.9,2.24,,,,,,,,,,,,,21.94,29.82,,,,,,,,,
22-May-2015,01:00,22-May-2015,01:15,Maharashtra,Navi Mumbai,Airoli, Navi Mumbai - MPCB,,,,,,76.41,,,,,46.24,14.38,,,25.24,2.22,,,,,,,,,,,,,21.68,29.83,,,,,,,,,
22-May-2015,01:15,22-May-2015,01:30,Maharashtra,Navi Mumbai,Airoli, Navi Mumbai - MPCB,0.0,158.0,,,,76.78,,,,,46.24,14.38,,,25.35,2.21,,,,,,,,,,,,,20.9,30.0,,,,,,,,,
22-May-2015,01:30,22-May-2015,01:45,Maharashtra,Navi Mumbai,Airoli, Navi Mumbai - MPCB,0.01,158.0,,,,76.88,,,,,46.24,14.38,,,25.53,2.2,,,,,,,,,,,,,21.13,29.9,,,,,,,,,
22-May-2015,01:45,22-May-2015,02:00,Maharashtra,Navi Mumbai,Airoli, Navi Mumbai - MPCB,,,,,,77.41,,,,,46.24,14.38,,,25.57,2.22,,,,,,,,,,,,,21.26,30.0,,,,,,,,,
22-May-2015,02:00,22-May-2015,02:15,Maharashtra,Navi Mumbai,Airoli, Navi Mumbai - MPCB,,,,,,77.88,,,,,46.24,14.38,,,25.91,2.19,,,,,,,,,,,,,20.41,29.96,,,,,,,,,
22-May-2015,02:15,22-May-2015,02:30,Maharashtra,Navi Mumbai,Airoli, Navi Mumbai - MPCB,0.04,8.0,,,,77.67,,,,,46.24,14.38,,,26.02,2.19,,,,,,,,,,,,,21.32,29.89,,,,,,,,,
22-May-2015,02:30,22-May-2015,02:45,Maharashtra,Navi Mumbai,Airoli, Navi Mumbai - MPCB,,,,,,77.51,,,,,46.24,14.38,,,25.9,2.2,,,,,,,,,,,,,21.7,30.03,,,,,,,,,
22-May-2015,02:45,22-May-2015,03:00,Maharashtra,Navi Mumbai,Airoli, Navi Mumbai - MPCB,,,,,,78.01,,,,,46.24,14.38,,,25.94,2.2,,,,,,,,,,,,,21.55,29.9,,,,,,,,,
22-May-2015,03:00,22-May-2015,03:15,Maharashtra,Navi Mumbai,Airoli, Navi Mumbai - MPCB,,,,,,78.51,,,,,46.24,14.38,,,25.77,2.22,,,,,,,,,,,,,22.17,29.63,,,,,,,,,
22-May-2015,03:15,22-May-2015,03:30,Maharashtra,Navi Mumbai,Airoli, Navi Mumbai - MPCB,,,,,,79.25,,,,,46.24,14.38,,,26.01,2.18,,,,,,,,,,,,,21.79,29.54,,,,,,,,,
22-May-2015,03:30,22-May-2015,03:45,Maharashtra,Navi Mumbai,Airoli, Navi Mumbai - MPCB,0.0,286.5,,,,79.66,,,,,46.24,14.38,,,26.23,2.18,,,,,,,,,,,,,22.12,29.76,,,,,,,,,
22-May-2015,03:45,22-May-2015,04:00,Maharashtra,Navi Mumbai,Airoli, Navi Mumbai - MPCB,0.03,187.0,,,,78.55,,,,,46.24,14.38,,,26.1,2.17,,,,,,,,,,,,,21.91,29.8,,,,,,,,,
22-May-2015,04:00,22-May-2015,04:15,Maharashtra,Navi Mumbai,Airoli, Navi Mumbai - MPCB,0.01,6.0,,,,78.2,,,,,46.24,14.38,,,26.11,2.24,,,,,,,,,,,,,22.19,29.87,,,,,,,,,
22-May-2015,04:15,22-May-2015,04:30,Maharashtra,Navi Mumbai,Airoli, Navi Mumbai - MPCB,,,,,,78.17,,,,,46.24,14.38,,,25.96,2.21,,,,,,,,,,,,,22.04,29.72,,,,,,,,,
22-May-2015,04:30,22-May-2015,04:45,Maharashtra,Navi Mumbai,Airoli, Navi Mumbai - MPCB,0.03,8.0,,,,78.62,,,,,46.24,14.38,,,25.78,2.22,,,,,,,,,,,,,22.66,29.67,,,,,,,,,
22-May-2015,04:45,22-May-2015,05:00,Maharashtra,Navi Mumbai,Airoli, Navi Mumbai - MPCB,0.01,115.3,,,,78.15,,,,,46.24,14.38,,,25.96,2.19,,,,,,,,,,,,,22.43,29.73,,,,,,,,,
22-May-2015,05:00,22-May-2015,05:15,Maharashtra,Navi Mumbai,Airoli, Navi Mumbai - MPCB,,,,,,78.65,,,,,46.24,14.38,,,25.94,2.23,,,,,,,,,,,,,22.82,29.58,,,,,,,,,
22-May-2015,05:15,22-May-2015,05:30,Maharashtra,Navi Mumbai,Airoli, Navi Mumbai - MPCB,,,,,,79.29,,,,,46.24,14.38,,,25.91,2.2,,,,,,,,,,,,,22.57,29.4,,,,,,,,,
22-May-2015,05:30,22-May-2015,05:45,Maharashtra,Navi Mumbai,Airoli, Navi Mumbai - MPCB,0.01,6.0,,,,79.62,,,,,46.24,14.38,,,26.13,2.25,,,,,,,,,,,,,23.11,29.29,,,,,,,,,
22-May-2015,05:45,22-May-2015,06:00,Maharashtra,Navi Mumbai,Airoli, Navi Mumbai - MPCB,0.03,6.0,,,,80.17,,,,,46.24,14.38,,,25.95,2.22,,,,,,,,,,,,,22.44,29.58,,,,,,,,,
22-May-2015,06:00,22-May-2015,06:15,Maharashtra,Navi Mumbai,Airoli, Navi Mumbai - MPCB,,,,,,80.63,,,,,46.24,14.38,,,25.95,2.21,,,,,,,,,,,,,23.35,29.52,,,,,,,,,
22-May-2015,06:15,22-May-2015,06:30,Maharashtra,Navi Mumbai,Airoli, Navi Mumbai - MPCB,,,,,,80.84,,,,,46.24,14.38,,,26.02,2.24,,,,,,,,,,,,,23.03,29.49,,,,,,,,,
22-May-2015,06:30,22-May-2015,06:45,Maharashtra,Navi Mumbai,Airoli, Navi Mumbai - MPCB,,,,,,80.67,6.87,,,,46.24,14.38,,,26.14,2.22,,,,,,,,,,,,,22.65,29.58,,,,,,,,,
22-May-2015,06:45,22-May-2015,07:00,Maharashtra,Navi Mumbai,Airoli, Navi Mumbai - MPCB,,,,,,79.87,35.06,,,,46.24,14.38,,,26.04,2.22,,,,,,,,,,,,,23.64,29.84,,,,,,,,,
22-May-2015,07:00,22-May-2015,07:15,Maharashtra,Navi Mumbai,Airoli, Navi Mumbai - MPCB,0.01,270.0,,,,78.1,21.9,,,,46.24,14.38,,,25.89,2.23,,,,,,,,,,,,,24.42,29.9,,,,,,,,,
22-May-2015,07:15,22-May-2015,07:30,Maharashtra,Navi Mumbai,Airoli, Navi Mumbai - MPCB,0.05,235.8,,,,76.98,29.95,,,,46.24,14.38,,,26.04,2.27,,,,,,,,,,,,,24.5,30.01,,,,,,,,,
22-May-2015,07:30,22-May-2015,07:45,Maharashtra,Navi Mumbai,Airoli, Navi Mumbai - MPCB,,,,,,75.65,116.79,,,,46.24,14.38,,,25.88,2.24,,,,,,,,,,,,,25.16,30.61,,,,,,,,,
22-May-2015,07:45,22-May-2015,08:00,Maharashtra,Navi Mumbai,Airoli, Navi Mumbai - MPCB,0.15,292.27,,,,73.49,85.16,,,,46.24,14.38,,,25.88,2.25,,,,,,,,,,,,,25.14,30.91,,,,,,,,,
22-May-2015,08:00,22-May-2015,08:15,Maharashtra,Navi Mumbai,Airoli, Navi Mumbai - MPCB,0.02,156.72,,,,73.75,114.61,,,,46.24,14.38,,,25.76,2.29,,,,,,,,,,,,,25.51,30.87,,,,,,,,,
22-May-2015,08:15,22-May-2015,08:30,Maharashtra,Navi Mumbai,Airoli, Navi Mumbai - MPCB,0.05,255.57,,,,72.13,179.96,,,,46.24,14.38,,,25.51,2.31,,,,,,,,,,,,,25.14,31.07,,,,,,,,,
22-May-2015,08:30,22-May-2015,08:45,Maharashtra,Navi Mumbai,Airoli, Navi Mumbai - MPCB,0.02,344.23,,,,70.59,183.29,,,,46.24,14.38,,,25.49,2.28,,,,,,,,,,,,,25.74,31.5,,,,,,,,,
22-May-2015,08:45,22-May-2015,09:00,Maharashtra,Navi Mumbai,Airoli, Navi Mumbai - MPCB,0.1,249.5,,,,69.8,154.91,,,,46.24,14.38,,,25.54,2.3,,,,,,,,,,,,,25.46,31.6,,,,,,,,,
22-May-2015,09:00,22-May-2015,09:15,Maharashtra,Navi Mumbai,Airoli, Navi Mumbai - MPCB,0.03,294.99,,,,70.68,237.35,,,,46.24,14.38,,,25.53,2.26,,,,,,,,,,,,,25.44,31.68,,,,,,,,,
22-May-2015,09:15,22-May-2015,09:30,Maharashtra,Navi Mumbai,Airoli, Navi Mumbai - MPCB,0.12,222.41,,,,68.76,365.81,,,,46.24,14.38,,,25.38,2.31,,,,,,,,,,,,,24.65,31.96,,,,,,,,,
22-May-2015,09:30,22-May-2015,09:45,Maharashtra,Navi Mumbai,Airoli, Navi Mumbai - MPCB,0.09,251.39,,,,66.78,262.46,,,,46.24,14.38,,,25.24,2.29,,,,,,,,,,,,,25.17,32.48,,,,,,,,,
22-May-2015,09:45,22-May-2015,10:00,Maharashtra,Navi Mumbai,Airoli, Navi Mumbai - MPCB,0.04,202.82,,,,62.57,446.66,,,,46.24,14.38,,,25.12,2.3,,,,,,,,,,,,,24.79,32.92,,,,,,,,,
22-May-2015,10:00,22-May-2015,10:15,Maharashtra,Navi Mumbai,Airoli, Navi Mumbai - MPCB,0.27,233.69,,,,60.21,450.92,,,,46.24,14.38,,,25.2,2.29,,,,,,,,,,,,,24.69,33.46,,,,,,,,,
22-May-2015,10:15,22-May-2015,10:30,Maharashtra,Navi Mumbai,Airoli, Navi Mumbai - MPCB,0.3,298.91,,,,63.23,511.33,,,,46.24,14.38,,,25.29,2.3,,,,,,,,,,,,,24.89,32.95,,,,,,,,,
22-May-2015,10:30,22-May-2015,10:45,Maharashtra,Navi Mumbai,Airoli, Navi Mumbai - MPCB,0.46,224.8,,,,62.66,668.13,,,,46.24,14.38,,,25.18,2.3,,,,,,,,,,,,,24.74,33.08,,,,,,,,,
22-May-2015,10:45,22-May-2015,11:00,Maharashtra,Navi Mumbai,Airoli, Navi Mumbai - MPCB,0.33,287.19,,,,61.73,361.4,,,,46.24,14.38,,,25.11,2.29,,,,,,,,,,,,,24.64,33.59,,,,,,,,,
22-May-2015,11:00,22-May-2015,11:15,Maharashtra,Navi Mumbai,Airoli, Navi Mumbai - MPCB,0.22,241.24,,,,61.72,619.25,,,,46.24,14.38,,,24.95,2.28,,,,,,,,,,,,,24.23,33.3,,,,,,,,,
22-May-2015,11:15,22-May-2015,11:30,Maharashtra,Navi Mumbai,Airoli, Navi Mumbai - MPCB,,,,,,,,,,,,,,,,,,,,,,,,,,,,,,,,,,,,,,,
22-May-2015,11:30,22-May-2015,11:45,Maharashtra,Navi Mumbai,Airoli, Navi Mumbai - MPCB,,,,,,,,,,,,,,,,,,,,,,,,,,,,,,,,,,,,,,,
22-May-2015,11:45,22-May-2015,12:00,Maharashtra,Navi Mumbai,Airoli, Navi Mumbai - MPCB,,,,,,,,,,,,,,,,,,,,,,,,,,,,,,,,,,,,,,,
22-May-2015,12:00,22-May-2015,12:15,Maharashtra,Navi Mumbai,Airoli, Navi Mumbai - MPCB,,,,,,,,,,,,,,,,,,,,,,,,,,,,,,,,,,,,,,,
22-May-2015,12:15,22-May-2015,12:30,Maharashtra,Navi Mumbai,Airoli, Navi Mumbai - MPCB,,,,,,,,,,,,,,,,,,,,,,,,,,,,,,,,,,,,,,,
22-May-2015,12:30,22-May-2015,12:45,Maharashtra,Navi Mumbai,Airoli, Navi Mumbai - MPCB,,,,,,,,,,,,,,,,,,,,,,,,,,,,,,,,,,,,,,,
22-May-2015,12:45,22-May-2015,13:00,Maharashtra,Navi Mumbai,Airoli, Navi Mumbai - MPCB,,,,,,,,,,,,,,,,,,,,,,,,,,,,,,,,,,,,,,,
22-May-2015,13:00,22-May-2015,13:15,Maharashtra,Navi Mumbai,Airoli, Navi Mumbai - MPCB,,,,,,,,,,,,,,,,,,,,,,,,,,,,,,,,,,,,,,,
22-May-2015,13:15,22-May-2015,13:30,Maharashtra,Navi Mumbai,Airoli, Navi Mumbai - MPCB,,,,,,,,,,,,,,,,,,,,,,,,,,,,,,,,,,,,,,,
22-May-2015,13:30,22-May-2015,13:45,Maharashtra,Navi Mumbai,Airoli, Navi Mumbai - MPCB,,,,,,,,,,,,,,,,,,,,,,,,,,,,,,,,,,,,,,,
22-May-2015,13:45,22-May-2015,14:00,Maharashtra,Navi Mumbai,Airoli, Navi Mumbai - MPCB,,,,,,,,,,,,,,,,,,,,,,,,,,,,,,,,,,,,,,,
22-May-2015,14:00,22-May-2015,14:15,Maharashtra,Navi Mumbai,Airoli, Navi Mumbai - MPCB,,,,,,,,,,,,,,,,,,,,,,,,,,,,,,,,,,,,,,,
22-May-2015,14:15,22-May-2015,14:30,Maharashtra,Navi Mumbai,Airoli, Navi Mumbai - MPCB,,,,,,,,,,,,,,,,,,,,,,,,,,,,,,,,,,,,,,,
22-May-2015,14:30,22-May-2015,14:45,Maharashtra,Navi Mumbai,Airoli, Navi Mumbai - MPCB,,,,,,,,,,,,,,,,,,,,,,,,,,,,,,,,,,,,,,,
22-May-2015,14:45,22-May-2015,15:00,Maharashtra,Navi Mumbai,Airoli, Navi Mumbai - MPCB,,,,,,,,,,,,,,,,,,,,,,,,,,,,,,,,,,,,,,,
22-May-2015,15:00,22-May-2015,15:15,Maharashtra,Navi Mumbai,Airoli, Navi Mumbai - MPCB,,,,,,,,,,,,,,,,,,,,,,,,,,,,,,,,,,,,,,,
22-May-2015,15:15,22-May-2015,15:30,Maharashtra,Navi Mumbai,Airoli, Navi Mumbai - MPCB,,,,,,,,,,,,,,,,,,,,,,,,,,,,,,,,,,,,,,,
22-May-2015,15:30,22-May-2015,15:45,Maharashtra,Navi Mumbai,Airoli, Navi Mumbai - MPCB,,,,,,,,,,,,,,,,,,,,,,,,,,,,,,,,,,,,,,,
22-May-2015,15:45,22-May-2015,16:00,Maharashtra,Navi Mumbai,Airoli, Navi Mumbai - MPCB,,,,,,,,,,,,,,,,,,,,,,,,,,,,,,,,,,,,,,,
22-May-2015,16:00,22-May-2015,16:15,Maharashtra,Navi Mumbai,Airoli, Navi Mumbai - MPCB,0.48,215.18,,,,57.65,85.71,,,,46.24,14.38,,,608.83,2.15,,,,,,,,,,,,,17.62,34.78,,,,,,,,,
22-May-2015,16:15,22-May-2015,16:30,Maharashtra,Navi Mumbai,Airoli, Navi Mumbai - MPCB,0.77,211.92,,,,58.23,77.29,,,,46.24,14.38,,,135.57,2.09,,,,,,,,,,,,,19.07,34.79,,,,,,,,,
22-May-2015,16:30,22-May-2015,16:45,Maharashtra,Navi Mumbai,Airoli, Navi Mumbai - MPCB,0.68,245.66,,,,58.69,95.76,,,,46.24,14.38,,,53.89,2.06,,,,,,,,,,,,,19.36,34.71,,,,,,,,,
22-May-2015,16:45,22-May-2015,17:00,Maharashtra,Navi Mumbai,Airoli, Navi Mumbai - MPCB,0.55,196.08,,,,59.03,77.04,,,,46.24,14.38,,,35.32,2.08,,,,,,,,,,,,,20.68,34.62,,,,,,,,,
22-May-2015,17:00,22-May-2015,17:15,Maharashtra,Navi Mumbai,Airoli, Navi Mumbai - MPCB,0.3,233.77,,,,59.07,57.31,,,,46.24,14.38,,,29.15,2.06,,,,,,,,,,,,,20.79,34.19,,,,,,,,,
22-May-2015,17:15,22-May-2015,17:30,Maharashtra,Navi Mumbai,Airoli, Navi Mumbai - MPCB,0.33,165.07,,,,59.7,49.42,,,,46.24,14.38,,,28.9,2.06,,,,,,,,,,,,,21.94,33.97,,,,,,,,,
22-May-2015,17:30,22-May-2015,17:45,Maharashtra,Navi Mumbai,Airoli, Navi Mumbai - MPCB,0.18,232.25,,,,61.09,45.54,,,,46.24,14.38,,,29.4,2.1,,,,,,,,,,,,,22.3,33.85,,,,,,,,,
22-May-2015,17:45,22-May-2015,18:00,Maharashtra,Navi Mumbai,Airoli, Navi Mumbai - MPCB,0.82,233.9,,,,62.64,30.38,,,,46.24,14.38,,,28.24,2.12,,,,,,,,,,,,,23.88,33.24,,,,,,,,,
22-May-2015,18:00,22-May-2015,18:15,Maharashtra,Navi Mumbai,Airoli, Navi Mumbai - MPCB,0.25,294.29,,,,63.52,20.84,,,,46.24,14.38,,,27.02,2.12,,,,,,,,,,,,,23.5,33.06,,,,,,,,,
22-May-2015,18:15,22-May-2015,18:30,Maharashtra,Navi Mumbai,Airoli, Navi Mumbai - MPCB,0.45,233.29,,,,65.4,11.95,,,,46.24,14.38,,,26.23,2.08,,,,,,,,,,,,,24.37,32.66,,,,,,,,,
22-May-2015,18:30,22-May-2015,18:45,Maharashtra,Navi Mumbai,Airoli, Navi Mumbai - MPCB,0.6,228.44,,,,66.37,4.35,,,,46.24,14.38,,,26.08,2.1,,,,,,,,,,,,,23.86,32.31,,,,,,,,,
22-May-2015,18:45,22-May-2015,19:00,Maharashtra,Navi Mumbai,Airoli, Navi Mumbai - MPCB,0.34,198.39,,,,67.68,0.09,,,,46.24,14.38,,,25.91,2.12,,,,,,,,,,,,,24.7,32.01,,,,,,,,,
22-May-2015,19:00,22-May-2015,19:15,Maharashtra,Navi Mumbai,Airoli, Navi Mumbai - MPCB,0.3,270.47,,,,68.74,,,,,46.24,14.38,,,25.71,2.14,,,,,,,,,,,,,25.18,31.75,,,,,,,,,
22-May-2015,19:15,22-May-2015,19:30,Maharashtra,Navi Mumbai,Airoli, Navi Mumbai - MPCB,0.48,222.62,,,,69.41,,,,,46.24,14.38,,,25.73,2.13,,,,,,,,,,,,,25.54,31.49,,,,,,,,,
22-May-2015,19:30,22-May-2015,19:45,Maharashtra,Navi Mumbai,Airoli, Navi Mumbai - MPCB,0.21,217.75,,,,70.68,,,,,46.24,14.38,,,25.79,2.14,,,,,,,,,,,,,25.45,31.34,,,,,,,,,
22-May-2015,19:45,22-May-2015,20:00,Maharashtra,Navi Mumbai,Airoli, Navi Mumbai - MPCB,0.13,209.9,,,,71.23,,,,,46.24,14.38,,,25.39,2.15,,,,,,,,,,,,,25.81,31.2,,,,,,,,,
22-May-2015,20:00,22-May-2015,20:15,Maharashtra,Navi Mumbai,Airoli, Navi Mumbai - MPCB,0.34,237.61,,,,72.25,,,,,46.24,14.38,,,25.37,2.15,,,,,,,,,,,,,25.21,31.09,,,,,,,,,
22-May-2015,20:15,22-May-2015,20:30,Maharashtra,Navi Mumbai,Airoli, Navi Mumbai - MPCB,0.53,234.86,,,,72.0,,,,,46.24,14.38,,,25.28,2.16,,,,,,,,,,,,,26.09,30.93,,,,,,,,,
22-May-2015,20:30,22-May-2015,20:45,Maharashtra,Navi Mumbai,Airoli, Navi Mumbai - MPCB,0.35,235.52,,,,72.41,,,,,46.24,14.38,,,25.54,2.17,,,,,,,,,,,,,25.93,30.96,,,,,,,,,
22-May-2015,20:45,22-May-2015,21:00,Maharashtra,Navi Mumbai,Airoli, Navi Mumbai - MPCB,0.03,278.58,,,,73.04,,,,,46.24,14.38,,,25.19,2.17,,,,,,,,,,,,,26.27,30.7,,,,,,,,,
22-May-2015,21:00,22-May-2015,21:15,Maharashtra,Navi Mumbai,Airoli, Navi Mumbai - MPCB,0.01,168.0,,,,74.18,,,,,46.24,14.38,,,25.25,2.2,,,,,,,,,,,,,25.5,30.51,,,,,,,,,
22-May-2015,21:15,22-May-2015,21:30,Maharashtra,Navi Mumbai,Airoli, Navi Mumbai - MPCB,0.05,167.0,,,,74.71,,,,,46.24,14.38,,,25.17,2.17,,,,,,,,,,,,,26.05,30.43,,,,,,,,,
22-May-2015,21:30,22-May-2015,21:45,Maharashtra,Navi Mumbai,Airoli, Navi Mumbai - MPCB,0.13,226.0,,,,74.46,,,,,46.24,14.38,,,25.16,2.21,,,,,,,,,,,,,25.72,30.49,,,,,,,,,
22-May-2015,21:45,22-May-2015,22:00,Maharashtra,Navi Mumbai,Airoli, Navi Mumbai - MPCB,0.04,298.96,,,,74.27,,,,,46.24,14.38,,,25.13,2.18,,,,,,,,,,,,,26.02,30.51,,,,,,,,,
22-May-2015,22:00,22-May-2015,22:15,Maharashtra,Navi Mumbai,Airoli, Navi Mumbai - MPCB,0.02,215.93,,,,74.88,,,,,46.24,14.38,,,25.12,2.18,,,,,,,,,,,,,25.96,30.5,,,,,,,,,
22-May-2015,22:15,22-May-2015,22:30,Maharashtra,Navi Mumbai,Airoli, Navi Mumbai - MPCB,0.04,255.18,,,,74.95,,,,,46.24,14.38,,,25.23,2.18,,,,,,,,,,,,,25.7,30.48,,,,,,,,,
22-May-2015,22:30,22-May-2015,22:45,Maharashtra,Navi Mumbai,Airoli, Navi Mumbai - MPCB,0.29,250.31,,,,74.46,,,,,46.24,14.38,,,25.08,2.15,,,,,,,,,,,,,24.87,30.5,,,,,,,,,
22-May-2015,22:45,22-May-2015,23:00,Maharashtra,Navi Mumbai,Airoli, Navi Mumbai - MPCB,0.11,202.11,,,,74.26,,,,,46.24,14.38,,,24.94,2.15,,,,,,,,,,,,,24.43,30.54,,,,,,,,,
22-May-2015,23:00,22-May-2015,23:15,Maharashtra,Navi Mumbai,Airoli, Navi Mumbai - MPCB,0.05,265.01,,,,74.65,,,,,46.24,14.38,,,25.22,2.13,,,,,,,,,,,,,22.35,30.55,,,,,,,,,
22-May-2015,23:15,22-May-2015,23:30,Maharashtra,Navi Mumbai,Airoli, Navi Mumbai - MPCB,0.17,226.76,,,,74.29,,,,,46.24,14.38,,,25.19,2.13,,,,,,,,,,,,,23.37,30.6,,,,,,,,,
22-May-2015,23:30,22-May-2015,23:45,Maharashtra,Navi Mumbai,Airoli, Navi Mumbai - MPCB,0.22,219.35,,,,73.91,,,,,46.24,14.38,,,25.35,2.12,,,,,,,,,,,,,22.95,30.67,,,,,,,,,
22-May-2015,23:45,23-May-2015,00:00,Maharashtra,Navi Mumbai,Airoli, Navi Mumbai - MPCB,0.1,247.5,,,,73.58,,,,,46.24,14.38,,,25.67,2.1,,,,,,,,,,,,,23.37,30.66,,,,,,,,,
23-May-2015,00:00,23-May-2015,00:15,Maharashtra,Navi Mumbai,Airoli, Navi Mumbai - MPCB,0.1,207.92,,,,73.94,,,,,46.24,14.38,,,25.83,2.13,,,,,,,,,,,,,23.09,30.65,,,,,,,,,
23-May-2015,00:15,23-May-2015,00:30,Maharashtra,Navi Mumbai,Airoli, Navi Mumbai - MPCB,0.34,240.7,,,,74.46,,,,,46.24,14.38,,,25.67,2.13,,,,,,,,,,,,,23.25,30.63,,,,,,,,,
23-May-2015,00:30,23-May-2015,00:45,Maharashtra,Navi Mumbai,Airoli, Navi Mumbai - MPCB,0.26,285.17,,,,74.66,,,,,46.24,14.38,,,25.83,2.12,,,,,,,,,,,,,23.47,30.73,,,,,,,,,
23-May-2015,00:45,23-May-2015,01:00,Maharashtra,Navi Mumbai,Airoli, Navi Mumbai - MPCB,0.01,283.11,,,,75.41,,,,,46.24,14.38,,,26.09,2.13,,,,,,,,,,,,,23.54,30.66,,,,,,,,,
23-May-2015,01:00,23-May-2015,01:15,Maharashtra,Navi Mumbai,Airoli, Navi Mumbai - MPCB,0.07,229.18,,,,76.07,,,,,46.24,14.38,,,25.97,2.12,,,,,,,,,,,,,23.59,30.61,,,,,,,,,
23-May-2015,01:15,23-May-2015,01:30,Maharashtra,Navi Mumbai,Airoli, Navi Mumbai - MPCB,0.24,292.98,,,,76.4,,,,,46.24,14.38,,,25.71,2.13,,,,,,,,,,,,,23.73,30.64,,,,,,,,,
23-May-2015,01:30,23-May-2015,01:45,Maharashtra,Navi Mumbai,Airoli, Navi Mumbai - MPCB,0.15,262.9,,,,76.47,,,,,46.24,14.38,,,26.07,2.15,,,,,,,,,,,,,23.82,30.51,,,,,,,,,
23-May-2015,01:45,23-May-2015,02:00,Maharashtra,Navi Mumbai,Airoli, Navi Mumbai - MPCB,0.19,279.12,,,,76.29,,,,,46.24,14.38,,,25.93,2.12,,,,,,,,,,,,,23.86,30.52,,,,,,,,,
23-May-2015,02:00,23-May-2015,02:15,Maharashtra,Navi Mumbai,Airoli, Navi Mumbai - MPCB,0.27,246.61,,,,75.94,,,,,46.24,14.38,,,26.07,2.12,,,,,,,,,,,,,24.16,30.55,,,,,,,,,
23-May-2015,02:15,23-May-2015,02:30,Maharashtra,Navi Mumbai,Airoli, Navi Mumbai - MPCB,0.44,224.53,,,,76.02,,,,,46.24,14.38,,,26.15,2.13,,,,,,,,,,,,,24.24,30.54,,,,,,,,,
23-May-2015,02:30,23-May-2015,02:45,Maharashtra,Navi Mumbai,Airoli, Navi Mumbai - MPCB,0.24,235.98,,,,76.21,,,,,46.24,14.38,,,25.89,2.11,,,,,,,,,,,,,24.51,30.71,,,,,,,,,
23-May-2015,02:45,23-May-2015,03:00,Maharashtra,Navi Mumbai,Airoli, Navi Mumbai - MPCB,0.01,71.5,,,,76.93,,,,,46.24,14.38,,,25.83,2.12,,,,,,,,,,,,,24.51,30.42,,,,,,,,,
23-May-2015,03:00,23-May-2015,03:15,Maharashtra,Navi Mumbai,Airoli, Navi Mumbai - MPCB,0.08,274.8,,,,77.08,,,,,46.24,14.38,,,25.96,2.11,,,,,,,,,,,,,24.01,30.31,,,,,,,,,
23-May-2015,03:15,23-May-2015,03:30,Maharashtra,Navi Mumbai,Airoli, Navi Mumbai - MPCB,0.04,182.48,,,,77.92,,,,,46.24,14.38,,,26.15,2.11,,,,,,,,,,,,,24.59,30.18,,,,,,,,,
23-May-2015,03:30,23-May-2015,03:45,Maharashtra,Navi Mumbai,Airoli, Navi Mumbai - MPCB,,,,,,79.08,,,,,46.24,14.38,,,26.12,2.14,,,,,,,,,,,,,24.09,29.89,,,,,,,,,
23-May-2015,03:45,23-May-2015,04:00,Maharashtra,Navi Mumbai,Airoli, Navi Mumbai - MPCB,0.01,157.0,,,,79.78,,,,,46.24,14.38,,,26.08,2.1,,,,,,,,,,,,,24.51,29.76,,,,,,,,,
23-May-2015,04:00,23-May-2015,04:15,Maharashtra,Navi Mumbai,Airoli, Navi Mumbai - MPCB,,,,,,80.18,,,,,46.24,14.38,,,25.95,2.14,,,,,,,,,,,,,24.87,29.79,,,,,,,,,
23-May-2015,04:15,23-May-2015,04:30,Maharashtra,Navi Mumbai,Airoli, Navi Mumbai - MPCB,,,,,,80.35,,,,,46.24,14.38,,,26.12,2.13,,,,,,,,,,,,,24.68,29.64,,,,,,,,,
23-May-2015,04:30,23-May-2015,04:45,Maharashtra,Navi Mumbai,Airoli, Navi Mumbai - MPCB,,,,,,81.0,,,,,46.24,14.38,,,26.12,2.14,,,,,,,,,,,,,24.5,29.53,,,,,,,,,
23-May-2015,04:45,23-May-2015,05:00,Maharashtra,Navi Mumbai,Airoli, Navi Mumbai - MPCB,,,,,,81.57,,,,,46.24,14.38,,,26.04,2.13,,,,,,,,,,,,,25.32,29.43,,,,,,,,,
23-May-2015,05:00,23-May-2015,05:15,Maharashtra,Navi Mumbai,Airoli, Navi Mumbai - MPCB,,,,,,81.66,,,,,46.24,14.38,,,26.1,2.15,,,,,,,,,,,,,25.67,29.3,,,,,,,,,
23-May-2015,05:15,23-May-2015,05:30,Maharashtra,Navi Mumbai,Airoli, Navi Mumbai - MPCB,,,,,,81.74,,,,,46.24,14.38,,,26.18,2.16,,,,,,,,,,,,,26.17,29.23,,,,,,,,,
23-May-2015,05:30,23-May-2015,05:45,Maharashtra,Navi Mumbai,Airoli, Navi Mumbai - MPCB,,,,,,82.12,,,,,46.24,14.38,,,25.87,2.18,,,,,,,,,,,,,26.45,29.17,,,,,,,,,
23-May-2015,05:45,23-May-2015,06:00,Maharashtra,Navi Mumbai,Airoli, Navi Mumbai - MPCB,0.05,337.64,,,,81.82,,,,,46.24,14.38,,,25.78,2.19,,,,,,,,,,,,,27.21,29.34,,,,,,,,,
23-May-2015,06:00,23-May-2015,06:15,Maharashtra,Navi Mumbai,Airoli, Navi Mumbai - MPCB,,,,,,81.49,,,,,46.24,14.38,,,25.71,2.21,,,,,,,,,,,,,26.82,29.23,,,,,,,,,
23-May-2015,06:15,23-May-2015,06:30,Maharashtra,Navi Mumbai,Airoli, Navi Mumbai - MPCB,,,,,,81.96,,,,,46.24,14.38,,,25.43,2.2,,,,,,,,,,,,,27.55,29.12,,,,,,,,,
23-May-2015,06:30,23-May-2015,06:45,Maharashtra,Navi Mumbai,Airoli, Navi Mumbai - MPCB,,,,,,82.31,,,,,46.24,14.38,,,25.51,2.21,,,,,,,,,,,,,26.52,29.1,,,,,,,,,
23-May-2015,06:45,23-May-2015,07:00,Maharashtra,Navi Mumbai,Airoli, Navi Mumbai - MPCB,,,,,,82.14,9.37,,,,46.24,14.38,,,25.22,2.2,,,,,,,,,,,,,27.04,29.22,,,,,,,,,
23-May-2015,07:00,23-May-2015,07:15,Maharashtra,Navi Mumbai,Airoli, Navi Mumbai - MPCB,0.04,7.33,,,,81.26,48.58,,,,46.24,14.38,,,25.09,2.23,,,,,,,,,,,,,26.77,29.57,,,,,,,,,
23-May-2015,07:15,23-May-2015,07:30,Maharashtra,Navi Mumbai,Airoli, Navi Mumbai - MPCB,0.05,6.0,,,,78.95,91.75,,,,46.24,14.38,,,24.98,2.21,,,,,,,,,,,,,26.4,30.06,,,,,,,,,
23-May-2015,07:30,23-May-2015,07:45,Maharashtra,Navi Mumbai,Airoli, Navi Mumbai - MPCB,0.04,198.99,,,,75.8,141.83,,,,46.24,14.38,,,25.2,2.23,,,,,,,,,,,,,25.77,30.63,,,,,,,,,
23-May-2015,07:45,23-May-2015,08:00,Maharashtra,Navi Mumbai,Airoli, Navi Mumbai - MPCB,0.06,349.85,,,,73.54,130.8,,,,46.24,14.38,,,24.96,2.22,,,,,,,,,,,,,25.88,31.06,,,,,,,,,
23-May-2015,08:00,23-May-2015,08:15,Maharashtra,Navi Mumbai,Airoli, Navi Mumbai - MPCB,0.08,215.25,,,,72.56,169.02,,,,46.24,14.38,,,25.2,2.21,,,,,,,,,,,,,25.95,31.28,,,,,,,,,
23-May-2015,08:15,23-May-2015,08:30,Maharashtra,Navi Mumbai,Airoli, Navi Mumbai - MPCB,0.15,264.96,,,,72.36,271.35,,,,46.24,14.38,,,25.16,2.23,,,,,,,,,,,,,26.02,31.21,,,,,,,,,
23-May-2015,08:30,23-May-2015,08:45,Maharashtra,Navi Mumbai,Airoli, Navi Mumbai - MPCB,0.18,281.84,,,,70.77,264.58,,,,46.24,14.38,,,25.02,2.21,,,,,,,,,,,,,26.25,31.54,,,,,,,,,
23-May-2015,08:45,23-May-2015,09:00,Maharashtra,Navi Mumbai,Airoli, Navi Mumbai - MPCB,0.16,349.59,,,,69.16,356.15,,,,46.24,14.38,,,24.99,2.21,,,,,,,,,,,,,26.25,32.0,,,,,,,,,
23-May-2015,09:00,23-May-2015,09:15,Maharashtra,Navi Mumbai,Airoli, Navi Mumbai - MPCB,0.42,230.45,,,,65.99,301.62,,,,46.24,14.38,,,25.04,2.22,,,,,,,,,,,,,26.17,32.06,,,,,,,,,
23-May-2015,09:15,23-May-2015,09:30,Maharashtra,Navi Mumbai,Airoli, Navi Mumbai - MPCB,0.57,257.71,,,,66.27,375.38,,,,46.24,14.38,,,25.17,2.2,,,,,,,,,,,,,25.84,32.0,,,,,,,,,
23-May-2015,09:30,23-May-2015,09:45,Maharashtra,Navi Mumbai,Airoli, Navi Mumbai - MPCB,0.12,260.16,,,,64.69,531.71,,,,46.24,14.38,,,25.06,2.2,,,,,,,,,,,,,25.34,32.54,,,,,,,,,
23-May-2015,09:45,23-May-2015,10:00,Maharashtra,Navi Mumbai,Airoli, Navi Mumbai - MPCB,0.43,262.16,,,,63.59,305.99,,,,46.24,14.38,,,25.14,2.22,,,,,,,,,,,,,26.11,32.66,,,,,,,,,
23-May-2015,10:00,23-May-2015,10:15,Maharashtra,Navi Mumbai,Airoli, Navi Mumbai - MPCB,0.2,262.81,,,,58.05,622.49,,,,46.24,14.38,,,25.08,2.22,,,,,,,,,,,,,25.63,33.48,,,,,,,,,
23-May-2015,10:15,23-May-2015,10:30,Maharashtra,Navi Mumbai,Airoli, Navi Mumbai - MPCB,0.37,235.15,,,,56.98,557.51,,,,46.24,14.38,,,25.26,2.21,,,,,,,,,,,,,25.13,33.87,,,,,,,,,
23-May-2015,10:30,23-May-2015,10:45,Maharashtra,Navi Mumbai,Airoli, Navi Mumbai - MPCB,0.29,295.39,,,,57.17,570.91,,,,46.24,14.38,,,25.22,2.21,,,,,,,,,,,,,25.57,33.9,,,,,,,,,
23-May-2015,10:45,23-May-2015,11:00,Maharashtra,Navi Mumbai,Airoli, Navi Mumbai - MPCB,0.44,224.0,,,,53.72,740.34,,,,46.24,14.38,,,24.98,2.2,,,,,,,,,,,,,25.49,34.02,,,,,,,,,
23-May-2015,11:00,23-May-2015,11:15,Maharashtra,Navi Mumbai,Airoli, Navi Mumbai - MPCB,0.63,239.54,,,,52.72,784.29,,,,46.24,14.38,,,25.34,2.22,,,,,,,,,,,,,24.48,34.59,,,,,,,,,
23-May-2015,11:15,23-May-2015,11:30,Maharashtra,Navi Mumbai,Airoli, Navi Mumbai - MPCB,0.54,231.96,,,,52.0,782.65,,,,46.24,14.38,,,24.97,2.19,,,,,,,,,,,,,23.57,34.82,,,,,,,,,
23-May-2015,11:30,23-May-2015,11:45,Maharashtra,Navi Mumbai,Airoli, Navi Mumbai - MPCB,0.56,235.32,,,,52.91,817.57,,,,46.24,14.38,,,25.12,2.12,,,,,,,,,,,,,22.67,34.91,,,,,,,,,
23-May-2015,11:45,23-May-2015,12:00,Maharashtra,Navi Mumbai,Airoli, Navi Mumbai - MPCB,1.02,221.18,,,,52.37,838.93,,,,46.24,14.38,,,25.37,2.14,,,,,,,,,,,,,22.79,34.93,,,,,,,,,
23-May-2015,12:00,23-May-2015,12:15,Maharashtra,Navi Mumbai,Airoli, Navi Mumbai - MPCB,0.27,261.59,,,,51.89,855.57,,,,46.24,14.38,,,25.3,2.16,,,,,,,,,,,,,22.91,35.45,,,,,,,,,
23-May-2015,12:15,23-May-2015,12:30,Maharashtra,Navi Mumbai,Airoli, Navi Mumbai - MPCB,0.38,259.44,,,,50.7,867.99,,,,46.24,14.38,,,25.67,2.14,,,,,,,,,,,,,22.83,35.94,,,,,,,,,
23-May-2015,12:30,23-May-2015,12:45,Maharashtra,Navi Mumbai,Airoli, Navi Mumbai - MPCB,0.41,247.8,,,,51.33,861.16,,,,46.24,14.38,,,25.54,2.13,,,,,,,,,,,,,23.24,35.91,,,,,,,,,
23-May-2015,12:45,23-May-2015,13:00,Maharashtra,Navi Mumbai,Airoli, Navi Mumbai - MPCB,0.2,264.1,,,,49.48,848.16,,,,46.24,14.38,,,25.87,2.13,,,,,,,,,,,,,23.11,36.44,,,,,,,,,
23-May-2015,13:00,23-May-2015,13:15,Maharashtra,Navi Mumbai,Airoli, Navi Mumbai - MPCB,0.52,256.08,,,,50.06,823.18,,,,46.24,14.38,,,26.11,2.1,,,,,,,,,,,,,22.18,36.13,,,,,,,,,
23-May-2015,13:15,23-May-2015,13:30,Maharashtra,Navi Mumbai,Airoli, Navi Mumbai - MPCB,0.33,301.92,,,,50.0,791.04,,,,46.24,14.38,,,25.72,2.15,,,,,,,,,,,,,22.55,36.36,,,,,,,,,
23-May-2015,13:30,23-May-2015,13:45,Maharashtra,Navi Mumbai,Airoli, Navi Mumbai - MPCB,0.33,299.57,,,,50.52,680.5,,,,46.24,14.38,,,26.07,2.14,,,,,,,,,,,,,21.95,36.55,,,,,,,,,
23-May-2015,13:45,23-May-2015,14:00,Maharashtra,Navi Mumbai,Airoli, Navi Mumbai - MPCB,0.42,243.59,,,,51.35,703.68,,,,46.24,14.38,,,25.69,2.15,,,,,,,,,,,,,22.52,35.73,,,,,,,,,
23-May-2015,14:00,23-May-2015,14:15,Maharashtra,Navi Mumbai,Airoli, Navi Mumbai - MPCB,0.56,235.79,,,,49.88,669.56,,,,46.24,14.38,,,26.17,2.13,,,,,,,,,,,,,22.79,35.99,,,,,,,,,
23-May-2015,14:15,23-May-2015,14:30,Maharashtra,Navi Mumbai,Airoli, Navi Mumbai - MPCB,0.41,300.01,,,,50.82,630.8,,,,46.24,14.38,,,25.93,2.13,,,,,,,,,,,,,22.89,35.87,,,,,,,,,
23-May-2015,14:30,23-May-2015,14:45,Maharashtra,Navi Mumbai,Airoli, Navi Mumbai - MPCB,0.29,244.84,,,,51.2,534.84,,,,46.24,14.38,,,25.9,2.1,,,,,,,,,,,,,22.82,35.97,,,,,,,,,
23-May-2015,14:45,23-May-2015,15:00,Maharashtra,Navi Mumbai,Airoli, Navi Mumbai - MPCB,0.82,259.16,,,,52.68,362.6,,,,46.24,14.38,,,25.85,2.11,,,,,,,,,,,,,23.11,35.58,,,,,,,,,
23-May-2015,15:00,23-May-2015,15:15,Maharashtra,Navi Mumbai,Airoli, Navi Mumbai - MPCB,0.73,206.2,,,,54.46,204.56,,,,46.24,14.38,,,25.78,2.12,,,,,,,,,,,,,23.05,35.28,,,,,,,,,
23-May-2015,15:15,23-May-2015,15:30,Maharashtra,Navi Mumbai,Airoli, Navi Mumbai - MPCB,0.93,222.46,,,,56.61,334.58,,,,46.24,14.38,,,25.94,2.14,,,,,,,,,,,,,23.2,34.78,,,,,,,,,
23-May-2015,15:30,23-May-2015,15:45,Maharashtra,Navi Mumbai,Airoli, Navi Mumbai - MPCB,0.54,207.44,,,,57.75,170.99,,,,46.24,14.38,,,25.78,2.13,,,,,,,,,,,,,23.44,34.86,,,,,,,,,
23-May-2015,15:45,23-May-2015,16:00,Maharashtra,Navi Mumbai,Airoli, Navi Mumbai - MPCB,0.57,233.56,,,,57.47,105.02,,,,46.24,14.38,,,25.74,2.14,,,,,,,,,,,,,23.44,34.91,,,,,,,,,
23-May-2015,16:00,23-May-2015,16:15,Maharashtra,Navi Mumbai,Airoli, Navi Mumbai - MPCB,0.45,221.86,,,,57.88,99.43,,,,46.24,14.38,,,25.93,2.12,,,,,,,,,,,,,22.68,34.83,,,,,,,,,
23-May-2015,16:15,23-May-2015,16:30,Maharashtra,Navi Mumbai,Airoli, Navi Mumbai - MPCB,0.62,186.51,,,,59.84,122.27,,,,46.24,14.38,,,26.05,2.12,,,,,,,,,,,,,23.17,34.51,,,,,,,,,
23-May-2015,16:30,23-May-2015,16:45,Maharashtra,Navi Mumbai,Airoli, Navi Mumbai - MPCB,0.57,225.19,,,,59.33,159.5,,,,46.24,14.38,,,25.77,2.14,,,,,,,,,,,,,22.44,34.69,,,,,,,,,
23-May-2015,16:45,23-May-2015,17:00,Maharashtra,Navi Mumbai,Airoli, Navi Mumbai - MPCB,0.84,214.89,,,,59.68,114.15,,,,46.24,14.38,,,25.98,2.14,,,,,,,,,,,,,23.5,34.51,,,,,,,,,
23-May-2015,17:00,23-May-2015,17:15,Maharashtra,Navi Mumbai,Airoli, Navi Mumbai - MPCB,0.93,227.3,,,,60.82,105.87,,,,46.24,14.38,,,26.03,2.14,,,,,,,,,,,,,23.17,34.05,,,,,,,,,
23-May-2015,17:15,23-May-2015,17:30,Maharashtra,Navi Mumbai,Airoli, Navi Mumbai - MPCB,0.37,215.07,,,,61.01,82.79,,,,46.24,14.38,,,26.01,2.14,,,,,,,,,,,,,22.65,34.12,,,,,,,,,
23-May-2015,17:30,23-May-2015,17:45,Maharashtra,Navi Mumbai,Airoli, Navi Mumbai - MPCB,1.12,234.7,,,,62.46,100.01,,,,46.24,14.38,,,26.14,2.16,,,,,,,,,,,,,23.09,33.9,,,,,,,,,
23-May-2015,17:45,23-May-2015,18:00,Maharashtra,Navi Mumbai,Airoli, Navi Mumbai - MPCB,0.63,254.21,,,,63.07,45.1,,,,46.24,14.38,,,26.13,2.15,,,,,,,,,,,,,23.3,33.61,,,,,,,,,
23-May-2015,18:00,23-May-2015,18:15,Maharashtra,Navi Mumbai,Airoli, Navi Mumbai - MPCB,0.61,183.49,,,,63.0,23.74,,,,46.24,14.38,,,26.02,2.17,,,,,,,,,,,,,24.06,33.4,,,,,,,,,
23-May-2015,18:15,23-May-2015,18:30,Maharashtra,Navi Mumbai,Airoli, Navi Mumbai - MPCB,0.53,193.89,,,,63.52,24.13,,,,46.24,14.38,,,26.04,2.14,,,,,,,,,,,,,24.04,33.17,,,,,,,,,
23-May-2015,18:30,23-May-2015,18:45,Maharashtra,Navi Mumbai,Airoli, Navi Mumbai - MPCB,0.39,169.53,,,,64.98,3.7,,,,46.24,14.38,,,25.88,2.18,,,,,,,,,,,,,24.87,32.83,,,,,,,,,
23-May-2015,18:45,23-May-2015,19:00,Maharashtra,Navi Mumbai,Airoli, Navi Mumbai - MPCB,0.5,268.88,,,,67.3,0.42,,,,46.24,14.38,,,25.9,2.2,,,,,,,,,,,,,24.65,32.48,,,,,,,,,
23-May-2015,19:00,23-May-2015,19:15,Maharashtra,Navi Mumbai,Airoli, Navi Mumbai - MPCB,0.86,215.65,,,,67.68,,,,,46.24,14.38,,,25.69,2.19,,,,,,,,,,,,,24.36,32.29,,,,,,,,,
23-May-2015,19:15,23-May-2015,19:30,Maharashtra,Navi Mumbai,Airoli, Navi Mumbai - MPCB,0.8,242.14,,,,67.19,,,,,46.24,14.38,,,25.69,2.2,,,,,,,,,,,,,24.32,32.25,,,,,,,,,
23-May-2015,19:30,23-May-2015,19:45,Maharashtra,Navi Mumbai,Airoli, Navi Mumbai - MPCB,0.41,207.56,,,,68.31,,,,,46.24,14.38,,,25.68,2.2,,,,,,,,,,,,,24.27,32.04,,,,,,,,,
23-May-2015,19:45,23-May-2015,20:00,Maharashtra,Navi Mumbai,Airoli, Navi Mumbai - MPCB,1.08,217.27,,,,70.17,,,,,46.24,14.38,,,25.67,2.19,,,,,,,,,,,,,24.44,31.95,,,,,,,,,
23-May-2015,20:00,23-May-2015,20:15,Maharashtra,Navi Mumbai,Airoli, Navi Mumbai - MPCB,0.69,217.34,,,,70.71,,,,,46.24,14.38,,,25.57,2.16,,,,,,,,,,,,,24.92,31.85,,,,,,,,,
23-May-2015,20:15,23-May-2015,20:30,Maharashtra,Navi Mumbai,Airoli, Navi Mumbai - MPCB,0.45,227.63,,,,69.55,,,,,46.24,14.38,,,25.31,2.24,,,,,,,,,,,,,24.32,31.69,,,,,,,,,
23-May-2015,20:30,23-May-2015,20:45,Maharashtra,Navi Mumbai,Airoli, Navi Mumbai - MPCB,0.88,219.73,,,,70.05,,,,,46.24,14.38,,,25.41,2.23,,,,,,,,,,,,,23.95,31.6,,,,,,,,,
23-May-2015,20:45,23-May-2015,21:00,Maharashtra,Navi Mumbai,Airoli, Navi Mumbai - MPCB,0.7,232.27,,,,70.75,,,,,46.24,14.38,,,25.37,2.18,,,,,,,,,,,,,24.37,31.49,,,,,,,,,
23-May-2015,21:00,23-May-2015,21:15,Maharashtra,Navi Mumbai,Airoli, Navi Mumbai - MPCB,0.85,231.57,,,,70.43,,,,,46.24,14.38,,,25.37,2.2,,,,,,,,,,,,,24.23,31.58,,,,,,,,,
23-May-2015,21:15,23-May-2015,21:30,Maharashtra,Navi Mumbai,Airoli, Navi Mumbai - MPCB,0.64,233.55,,,,71.09,,,,,46.24,14.38,,,25.29,2.21,,,,,,,,,,,,,24.01,31.47,,,,,,,,,
23-May-2015,21:30,23-May-2015,21:45,Maharashtra,Navi Mumbai,Airoli, Navi Mumbai - MPCB,0.71,236.69,,,,71.49,,,,,46.24,14.38,,,25.28,2.23,,,,,,,,,,,,,23.74,31.4,,,,,,,,,
23-May-2015,21:45,23-May-2015,22:00,Maharashtra,Navi Mumbai,Airoli, Navi Mumbai - MPCB,0.39,258.29,,,,71.8,,,,,46.24,14.38,,,25.15,2.18,,,,,,,,,,,,,23.93,31.47,,,,,,,,,
23-May-2015,22:00,23-May-2015,22:15,Maharashtra,Navi Mumbai,Airoli, Navi Mumbai - MPCB,0.16,271.64,,,,71.8,,,,,46.24,14.38,,,25.36,2.25,,,,,,,,,,,,,24.81,31.28,,,,,,,,,
23-May-2015,22:15,23-May-2015,22:30,Maharashtra,Navi Mumbai,Airoli, Navi Mumbai - MPCB,0.23,193.91,,,,72.15,,,,,46.24,14.38,,,25.24,2.2,,,,,,,,,,,,,23.35,31.29,,,,,,,,,
23-May-2015,22:30,23-May-2015,22:45,Maharashtra,Navi Mumbai,Airoli, Navi Mumbai - MPCB,0.24,215.68,,,,71.71,,,,,46.24,14.38,,,25.31,2.23,,,,,,,,,,,,,23.87,31.27,,,,,,,,,
23-May-2015,22:45,23-May-2015,23:00,Maharashtra,Navi Mumbai,Airoli, Navi Mumbai - MPCB,0.26,188.13,,,,71.55,,,,,46.24,14.38,,,25.17,2.24,,,,,,,,,,,,,23.06,31.18,,,,,,,,,
23-May-2015,23:00,23-May-2015,23:15,Maharashtra,Navi Mumbai,Airoli, Navi Mumbai - MPCB,0.02,344.61,,,,71.98,,,,,46.24,14.38,,,25.32,2.22,,,,,,,,,,,,,23.83,31.22,,,,,,,,,
23-May-2015,23:15,23-May-2015,23:30,Maharashtra,Navi Mumbai,Airoli, Navi Mumbai - MPCB,0.44,227.59,,,,73.0,,,,,46.24,14.38,,,25.0,2.25,,,,,,,,,,,,,22.69,31.17,,,,,,,,,
23-May-2015,23:30,23-May-2015,23:45,Maharashtra,Navi Mumbai,Airoli, Navi Mumbai - MPCB,0.08,210.34,,,,73.2,,,,,46.24,14.38,,,24.95,2.22,,,,,,,,,,,,,23.06,31.08,,,,,,,,,
23-May-2015,23:45,24-May-2015,00:00,Maharashtra,Navi Mumbai,Airoli, Navi Mumbai - MPCB,0.12,276.18,,,,73.43,,,,,46.24,14.38,,,24.84,2.23,,,,,,,,,,,,,22.36,31.06,,,,,,,,,
24-May-2015,00:00,24-May-2015,00:15,Maharashtra,Navi Mumbai,Airoli, Navi Mumbai - MPCB,0.07,246.38,,,,73.81,,,,,46.24,14.38,,,25.08,2.2,,,,,,,,,,,,,21.71,30.96,,,,,,,,,
24-May-2015,00:15,24-May-2015,00:30,Maharashtra,Navi Mumbai,Airoli, Navi Mumbai - MPCB,0.08,308.76,,,,74.27,,,,,46.24,14.38,,,25.3,2.16,,,,,,,,,,,,,21.51,30.91,,,,,,,,,
24-May-2015,00:30,24-May-2015,00:45,Maharashtra,Navi Mumbai,Airoli, Navi Mumbai - MPCB,0.26,241.47,,,,74.02,,,,,46.24,14.38,,,25.25,2.15,,,,,,,,,,,,,21.14,30.99,,,,,,,,,
24-May-2015,00:45,24-May-2015,01:00,Maharashtra,Navi Mumbai,Airoli, Navi Mumbai - MPCB,0.14,222.44,,,,73.96,,,,,46.24,14.38,,,25.4,2.16,,,,,,,,,,,,,21.16,31.01,,,,,,,,,
24-May-2015,01:00,24-May-2015,01:15,Maharashtra,Navi Mumbai,Airoli, Navi Mumbai - MPCB,0.15,227.6,,,,74.23,,,,,46.24,14.38,,,25.57,2.14,,,,,,,,,,,,,20.99,31.06,,,,,,,,,
24-May-2015,01:15,24-May-2015,01:30,Maharashtra,Navi Mumbai,Airoli, Navi Mumbai - MPCB,0.27,251.32,,,,74.52,,,,,46.24,14.38,,,25.41,2.15,,,,,,,,,,,,,21.64,31.01,,,,,,,,,
24-May-2015,01:30,24-May-2015,01:45,Maharashtra,Navi Mumbai,Airoli, Navi Mumbai - MPCB,0.4,209.8,,,,74.58,,,,,46.24,14.38,,,25.37,2.16,,,,,,,,,,,,,21.06,30.92,,,,,,,,,
24-May-2015,01:45,24-May-2015,02:00,Maharashtra,Navi Mumbai,Airoli, Navi Mumbai - MPCB,0.14,323.33,,,,74.66,,,,,46.24,14.38,,,26.0,2.17,,,,,,,,,,,,,21.3,30.96,,,,,,,,,
24-May-2015,02:00,24-May-2015,02:15,Maharashtra,Navi Mumbai,Airoli, Navi Mumbai - MPCB,0.04,160.18,,,,75.66,,,,,46.24,14.38,,,25.65,2.14,,,,,,,,,,,,,21.05,30.62,,,,,,,,,
24-May-2015,02:15,24-May-2015,02:30,Maharashtra,Navi Mumbai,Airoli, Navi Mumbai - MPCB,0.19,202.85,,,,76.06,,,,,46.24,14.38,,,26.12,2.18,,,,,,,,,,,,,21.26,30.63,,,,,,,,,
24-May-2015,02:30,24-May-2015,02:45,Maharashtra,Navi Mumbai,Airoli, Navi Mumbai - MPCB,0.33,236.01,,,,75.4,,,,,46.24,14.38,,,25.62,2.15,,,,,,,,,,,,,21.51,30.78,,,,,,,,,
24-May-2015,02:45,24-May-2015,03:00,Maharashtra,Navi Mumbai,Airoli, Navi Mumbai - MPCB,0.09,238.95,,,,74.69,,,,,46.24,14.38,,,25.88,2.16,,,,,,,,,,,,,21.72,30.89,,,,,,,,,
24-May-2015,03:00,24-May-2015,03:15,Maharashtra,Navi Mumbai,Airoli, Navi Mumbai - MPCB,0.09,185.43,,,,75.05,,,,,46.24,14.38,,,25.86,2.12,,,,,,,,,,,,,22.02,30.73,,,,,,,,,
24-May-2015,03:15,24-May-2015,03:30,Maharashtra,Navi Mumbai,Airoli, Navi Mumbai - MPCB,0.02,242.0,,,,75.79,,,,,46.24,14.38,,,26.0,2.18,,,,,,,,,,,,,21.12,30.53,,,,,,,,,
24-May-2015,03:30,24-May-2015,03:45,Maharashtra,Navi Mumbai,Airoli, Navi Mumbai - MPCB,,,,,,76.83,,,,,46.24,14.38,,,26.01,2.18,,,,,,,,,,,,,21.37,30.27,,,,,,,,,
24-May-2015,03:45,24-May-2015,04:00,Maharashtra,Navi Mumbai,Airoli, Navi Mumbai - MPCB,,,,,,77.48,,,,,46.24,14.38,,,26.04,2.17,,,,,,,,,,,,,21.48,30.31,,,,,,,,,
24-May-2015,04:00,24-May-2015,04:15,Maharashtra,Navi Mumbai,Airoli, Navi Mumbai - MPCB,,,,,,77.93,,,,,46.24,14.38,,,25.95,2.15,,,,,,,,,,,,,22.34,30.3,,,,,,,,,
24-May-2015,04:15,24-May-2015,04:30,Maharashtra,Navi Mumbai,Airoli, Navi Mumbai - MPCB,0.07,212.55,,,,78.02,,,,,46.24,14.38,,,26.03,2.16,,,,,,,,,,,,,22.05,30.14,,,,,,,,,
24-May-2015,04:30,24-May-2015,04:45,Maharashtra,Navi Mumbai,Airoli, Navi Mumbai - MPCB,0.03,338.06,,,,76.98,,,,,46.24,14.38,,,26.01,2.15,,,,,,,,,,,,,22.26,30.36,,,,,,,,,
24-May-2015,04:45,24-May-2015,05:00,Maharashtra,Navi Mumbai,Airoli, Navi Mumbai - MPCB,0.29,242.9,,,,76.35,,,,,46.24,14.38,,,26.03,2.17,,,,,,,,,,,,,21.98,30.52,,,,,,,,,
24-May-2015,05:00,24-May-2015,05:15,Maharashtra,Navi Mumbai,Airoli, Navi Mumbai - MPCB,0.33,235.87,,,,76.57,,,,,46.24,14.38,,,26.04,2.16,,,,,,,,,,,,,22.31,30.55,,,,,,,,,
24-May-2015,05:15,24-May-2015,05:30,Maharashtra,Navi Mumbai,Airoli, Navi Mumbai - MPCB,0.27,219.6,,,,77.01,,,,,46.24,14.38,,,25.98,2.2,,,,,,,,,,,,,22.32,30.51,,,,,,,,,
24-May-2015,05:30,24-May-2015,05:45,Maharashtra,Navi Mumbai,Airoli, Navi Mumbai - MPCB,0.01,194.0,,,,77.62,,,,,46.24,14.38,,,25.89,2.17,,,,,,,,,,,,,21.96,30.28,,,,,,,,,
24-May-2015,05:45,24-May-2015,06:00,Maharashtra,Navi Mumbai,Airoli, Navi Mumbai - MPCB,0.09,245.11,,,,79.07,,,,,46.24,14.38,,,25.86,2.16,,,,,,,,,,,,,22.36,30.08,,,,,,,,,
24-May-2015,06:00,24-May-2015,06:15,Maharashtra,Navi Mumbai,Airoli, Navi Mumbai - MPCB,0.08,238.31,,,,79.32,,,,,46.24,14.38,,,25.79,2.18,,,,,,,,,,,,,22.66,30.08,,,,,,,,,
24-May-2015,06:15,24-May-2015,06:30,Maharashtra,Navi Mumbai,Airoli, Navi Mumbai - MPCB,0.18,343.8,,,,78.9,,,,,46.24,14.38,,,26.16,2.17,,,,,,,,,,,,,23.58,30.08,,,,,,,,,
24-May-2015,06:30,24-May-2015,06:45,Maharashtra,Navi Mumbai,Airoli, Navi Mumbai - MPCB,,,,,,78.78,0.13,,,,46.24,14.38,,,25.83,2.23,,,,,,,,,,,,,24.12,30.04,,,,,,,,,
24-May-2015,06:45,24-May-2015,07:00,Maharashtra,Navi Mumbai,Airoli, Navi Mumbai - MPCB,0.07,210.93,,,,78.68,12.28,,,,46.24,14.38,,,26.04,2.2,,,,,,,,,,,,,23.87,30.17,,,,,,,,,
24-May-2015,07:00,24-May-2015,07:15,Maharashtra,Navi Mumbai,Airoli, Navi Mumbai - MPCB,0.22,232.28,,,,77.77,56.77,,,,46.24,14.38,,,26.04,2.23,,,,,,,,,,,,,24.19,30.37,,,,,,,,,
24-May-2015,07:15,24-May-2015,07:30,Maharashtra,Navi Mumbai,Airoli, Navi Mumbai - MPCB,0.24,240.36,,,,76.5,112.66,,,,46.24,14.38,,,25.74,2.24,,,,,,,,,,,,,23.94,30.59,,,,,,,,,
24-May-2015,07:30,24-May-2015,07:45,Maharashtra,Navi Mumbai,Airoli, Navi Mumbai - MPCB,0.34,221.03,,,,75.19,104.04,,,,46.24,14.38,,,25.57,2.24,,,,,,,,,,,,,24.37,30.87,,,,,,,,,
24-May-2015,07:45,24-May-2015,08:00,Maharashtra,Navi Mumbai,Airoli, Navi Mumbai - MPCB,0.13,281.31,,,,74.21,206.43,,,,46.24,14.38,,,25.53,2.26,,,,,,,,,,,,,24.72,31.12,,,,,,,,,
24-May-2015,08:00,24-May-2015,08:15,Maharashtra,Navi Mumbai,Airoli, Navi Mumbai - MPCB,0.42,229.06,,,,72.63,294.35,,,,46.24,14.38,,,25.3,2.27,,,,,,,,,,,,,25.16,31.37,,,,,,,,,
24-May-2015,08:15,24-May-2015,08:30,Maharashtra,Navi Mumbai,Airoli, Navi Mumbai - MPCB,0.61,233.73,,,,71.12,374.27,,,,46.24,14.38,,,25.57,2.28,,,,,,,,,,,,,24.39,31.66,,,,,,,,,
24-May-2015,08:30,24-May-2015,08:45,Maharashtra,Navi Mumbai,Airoli, Navi Mumbai - MPCB,0.67,227.34,,,,70.31,249.53,,,,46.24,14.38,,,25.33,2.24,,,,,,,,,,,,,24.53,31.86,,,,,,,,,
24-May-2015,08:45,24-May-2015,09:00,Maharashtra,Navi Mumbai,Airoli, Navi Mumbai - MPCB,0.2,227.36,,,,70.31,240.91,,,,46.24,14.38,,,25.17,2.25,,,,,,,,,,,,,23.89,31.87,,,,,,,,,
24-May-2015,09:00,24-May-2015,09:15,Maharashtra,Navi Mumbai,Airoli, Navi Mumbai - MPCB,0.3,225.92,,,,66.91,345.73,,,,46.24,14.38,,,25.19,2.24,,,,,,,,,,,,,24.17,32.44,,,,,,,,,
24-May-2015,09:15,24-May-2015,09:30,Maharashtra,Navi Mumbai,Airoli, Navi Mumbai - MPCB,0.51,203.75,,,,65.69,401.74,,,,46.24,14.38,,,25.03,2.27,,,,,,,,,,,,,23.32,32.56,,,,,,,,,
24-May-2015,09:30,24-May-2015,09:45,Maharashtra,Navi Mumbai,Airoli, Navi Mumbai - MPCB,0.34,233.53,,,,63.43,262.12,,,,46.24,14.38,,,25.22,2.25,,,,,,,,,,,,,24.1,32.98,,,,,,,,,
24-May-2015,09:45,24-May-2015,10:00,Maharashtra,Navi Mumbai,Airoli, Navi Mumbai - MPCB,0.47,313.22,,,,63.15,500.8,,,,46.24,14.38,,,25.0,2.25,,,,,,,,,,,,,24.31,32.98,,,,,,,,,
24-May-2015,10:00,24-May-2015,10:15,Maharashtra,Navi Mumbai,Airoli, Navi Mumbai - MPCB,0.61,229.48,,,,60.95,560.9,,,,46.24,14.38,,,24.99,2.22,,,,,,,,,,,,,23.84,33.32,,,,,,,,,
24-May-2015,10:15,24-May-2015,10:30,Maharashtra,Navi Mumbai,Airoli, Navi Mumbai - MPCB,0.59,244.77,,,,60.76,407.57,,,,46.24,14.38,,,25.01,2.24,,,,,,,,,,,,,23.28,33.42,,,,,,,,,
24-May-2015,10:30,24-May-2015,10:45,Maharashtra,Navi Mumbai,Airoli, Navi Mumbai - MPCB,0.65,222.05,,,,60.09,648.31,,,,46.24,14.38,,,25.29,2.23,,,,,,,,,,,,,23.27,33.65,,,,,,,,,
24-May-2015,10:45,24-May-2015,11:00,Maharashtra,Navi Mumbai,Airoli, Navi Mumbai - MPCB,0.72,227.28,,,,58.15,486.37,,,,46.24,14.38,,,25.2,2.27,,,,,,,,,,,,,23.31,34.06,,,,,,,,,
24-May-2015,11:00,24-May-2015,11:15,Maharashtra,Navi Mumbai,Airoli, Navi Mumbai - MPCB,0.88,237.3,,,,58.08,581.69,,,,46.24,14.38,,,25.17,2.26,,,,,,,,,,,,,22.54,33.9,,,,,,,,,
24-May-2015,11:15,24-May-2015,11:30,Maharashtra,Navi Mumbai,Airoli, Navi Mumbai - MPCB,0.91,218.58,,,,57.91,417.08,,,,46.24,14.38,,,25.12,2.23,,,,,,,,,,,,,22.62,33.94,,,,,,,,,
24-May-2015,11:30,24-May-2015,11:45,Maharashtra,Navi Mumbai,Airoli, Navi Mumbai - MPCB,0.76,267.87,,,,55.43,771.13,,,,46.24,14.38,,,24.95,2.28,,,,,,,,,,,,,22.89,34.18,,,,,,,,,
24-May-2015,11:45,24-May-2015,12:00,Maharashtra,Navi Mumbai,Airoli, Navi Mumbai - MPCB,0.76,231.87,,,,55.28,663.41,,,,46.24,14.38,,,25.35,2.24,,,,,,,,,,,,,22.99,34.51,,,,,,,,,
24-May-2015,12:00,24-May-2015,12:15,Maharashtra,Navi Mumbai,Airoli, Navi Mumbai - MPCB,1.15,237.92,,,,57.93,475.32,,,,46.24,14.38,,,25.32,2.23,,,,,,,,,,,,,22.01,34.18,,,,,,,,,
24-May-2015,12:15,24-May-2015,12:30,Maharashtra,Navi Mumbai,Airoli, Navi Mumbai - MPCB,0.48,219.16,,,,57.12,672.61,,,,46.24,14.38,,,25.13,2.22,,,,,,,,,,,,,21.72,34.39,,,,,,,,,
24-May-2015,12:30,24-May-2015,12:45,Maharashtra,Navi Mumbai,Airoli, Navi Mumbai - MPCB,0.61,238.39,,,,53.64,846.06,,,,46.24,14.38,,,25.15,2.2,,,,,,,,,,,,,20.87,35.13,,,,,,,,,
24-May-2015,12:45,24-May-2015,13:00,Maharashtra,Navi Mumbai,Airoli, Navi Mumbai - MPCB,1.26,251.63,,,,56.93,518.92,,,,46.24,14.38,,,25.32,2.18,,,,,,,,,,,,,20.3,34.61,,,,,,,,,
24-May-2015,13:00,24-May-2015,13:15,Maharashtra,Navi Mumbai,Airoli, Navi Mumbai - MPCB,0.57,278.38,,,,57.04,675.12,,,,46.24,14.38,,,25.38,2.2,,,,,,,,,,,,,20.59,34.61,,,,,,,,,
24-May-2015,13:15,24-May-2015,13:30,Maharashtra,Navi Mumbai,Airoli, Navi Mumbai - MPCB,0.69,216.1,,,,53.1,810.36,,,,46.24,14.38,,,25.63,2.21,,,,,,,,,,,,,20.87,35.59,,,,,,,,,
24-May-2015,13:30,24-May-2015,13:45,Maharashtra,Navi Mumbai,Airoli, Navi Mumbai - MPCB,0.34,225.84,,,,52.96,645.1,,,,46.24,14.38,,,25.44,2.17,,,,,,,,,,,,,20.53,35.8,,,,,,,,,
24-May-2015,13:45,24-May-2015,14:00,Maharashtra,Navi Mumbai,Airoli, Navi Mumbai - MPCB,0.7,251.34,,,,52.23,678.67,,,,46.24,14.38,,,25.82,2.18,,,,,,,,,,,,,21.04,35.79,,,,,,,,,
24-May-2015,14:00,24-May-2015,14:15,Maharashtra,Navi Mumbai,Airoli, Navi Mumbai - MPCB,0.36,236.69,,,,53.91,686.63,,,,46.24,14.38,,,25.7,2.2,,,,,,,,,,,,,21.25,35.35,,,,,,,,,
24-May-2015,14:15,24-May-2015,14:30,Maharashtra,Navi Mumbai,Airoli, Navi Mumbai - MPCB,0.29,236.42,,,,52.02,675.36,,,,46.24,14.38,,,25.95,2.18,,,,,,,,,,,,,20.59,35.94,,,,,,,,,
24-May-2015,14:30,24-May-2015,14:45,Maharashtra,Navi Mumbai,Airoli, Navi Mumbai - MPCB,0.29,265.55,,,,53.24,523.06,,,,46.24,14.38,,,26.04,2.16,,,,,,,,,,,,,20.52,35.78,,,,,,,,,
24-May-2015,14:45,24-May-2015,15:00,Maharashtra,Navi Mumbai,Airoli, Navi Mumbai - MPCB,0.51,287.87,,,,54.58,414.12,,,,46.24,14.38,,,26.05,2.18,,,,,,,,,,,,,21.01,35.39,,,,,,,,,
24-May-2015,15:00,24-May-2015,15:15,Maharashtra,Navi Mumbai,Airoli, Navi Mumbai - MPCB,0.6,244.9,,,,53.42,222.96,,,,46.24,14.38,,,26.09,2.18,,,,,,,,,,,,,21.52,35.26,,,,,,,,,
24-May-2015,15:15,24-May-2015,15:30,Maharashtra,Navi Mumbai,Airoli, Navi Mumbai - MPCB,0.82,228.39,,,,54.59,305.58,,,,46.24,14.38,,,26.07,2.19,,,,,,,,,,,,,21.48,34.63,,,,,,,,,
24-May-2015,15:30,24-May-2015,15:45,Maharashtra,Navi Mumbai,Airoli, Navi Mumbai - MPCB,0.7,267.73,,,,55.61,160.1,,,,46.24,14.38,,,26.02,2.15,,,,,,,,,,,,,21.42,35.03,,,,,,,,,
24-May-2015,15:45,24-May-2015,16:00,Maharashtra,Navi Mumbai,Airoli, Navi Mumbai - MPCB,0.36,183.97,,,,57.05,98.75,,,,46.24,14.38,,,25.93,2.18,,,,,,,,,,,,,21.62,34.5,,,,,,,,,
24-May-2015,16:00,24-May-2015,16:15,Maharashtra,Navi Mumbai,Airoli, Navi Mumbai - MPCB,0.79,239.35,,,,57.91,93.47,,,,46.24,14.38,,,26.05,2.16,,,,,,,,,,,,,22.06,34.41,,,,,,,,,
24-May-2015,16:15,24-May-2015,16:30,Maharashtra,Navi Mumbai,Airoli, Navi Mumbai - MPCB,0.98,249.91,,,,55.82,67.54,,,,46.24,14.38,,,26.08,2.15,,,,,,,,,,,,,21.51,34.46,,,,,,,,,
24-May-2015,16:30,24-May-2015,16:45,Maharashtra,Navi Mumbai,Airoli, Navi Mumbai - MPCB,0.52,239.03,,,,56.76,92.76,,,,46.24,14.38,,,25.82,2.17,,,,,,,,,,,,,22.07,34.38,,,,,,,,,
24-May-2015,16:45,24-May-2015,17:00,Maharashtra,Navi Mumbai,Airoli, Navi Mumbai - MPCB,1.16,237.69,,,,58.81,71.12,,,,46.24,14.38,,,26.2,2.18,,,,,,,,,,,,,21.35,33.92,,,,,,,,,
24-May-2015,17:00,24-May-2015,17:15,Maharashtra,Navi Mumbai,Airoli, Navi Mumbai - MPCB,0.81,254.1,,,,59.57,65.37,,,,46.24,14.38,,,25.94,2.16,,,,,,,,,,,,,21.55,33.77,,,,,,,,,
24-May-2015,17:15,24-May-2015,17:30,Maharashtra,Navi Mumbai,Airoli, Navi Mumbai - MPCB,0.8,206.63,,,,60.27,52.73,,,,46.24,14.38,,,25.88,2.17,,,,,,,,,,,,,21.39,33.7,,,,,,,,,
24-May-2015,17:30,24-May-2015,17:45,Maharashtra,Navi Mumbai,Airoli, Navi Mumbai - MPCB,1.06,242.85,,,,61.89,62.99,,,,46.24,14.38,,,26.35,2.21,,,,,,,,,,,,,21.36,33.46,,,,,,,,,
24-May-2015,17:45,24-May-2015,18:00,Maharashtra,Navi Mumbai,Airoli, Navi Mumbai - MPCB,0.99,242.27,,,,61.68,35.66,,,,46.24,14.38,,,26.1,2.17,,,,,,,,,,,,,21.18,33.4,,,,,,,,,
24-May-2015,18:00,24-May-2015,18:15,Maharashtra,Navi Mumbai,Airoli, Navi Mumbai - MPCB,0.39,240.76,,,,62.53,22.47,,,,46.24,14.38,,,26.1,2.19,,,,,,,,,,,,,21.42,33.23,,,,,,,,,
24-May-2015,18:15,24-May-2015,18:30,Maharashtra,Navi Mumbai,Airoli, Navi Mumbai - MPCB,0.62,222.09,,,,64.86,17.66,,,,46.24,14.38,,,26.19,2.22,,,,,,,,,,,,,21.24,32.78,,,,,,,,,
24-May-2015,18:30,24-May-2015,18:45,Maharashtra,Navi Mumbai,Airoli, Navi Mumbai - MPCB,0.72,206.5,,,,65.3,4.19,,,,46.24,14.38,,,25.97,2.23,,,,,,,,,,,,,21.49,32.61,,,,,,,,,
24-May-2015,18:45,24-May-2015,19:00,Maharashtra,Navi Mumbai,Airoli, Navi Mumbai - MPCB,0.18,231.96,,,,67.67,0.49,,,,46.24,14.38,,,26.21,2.19,,,,,,,,,,,,,21.25,32.39,,,,,,,,,
24-May-2015,19:00,24-May-2015,19:15,Maharashtra,Navi Mumbai,Airoli, Navi Mumbai - MPCB,0.43,204.4,,,,69.03,,,,,46.24,14.38,,,26.24,2.21,,,,,,,,,,,,,22.22,32.14,,,,,,,,,
24-May-2015,19:15,24-May-2015,19:30,Maharashtra,Navi Mumbai,Airoli, Navi Mumbai - MPCB,0.28,205.93,,,,69.73,,,,,46.24,14.38,,,26.02,2.22,,,,,,,,,,,,,23.23,32.14,,,,,,,,,
24-May-2015,19:30,24-May-2015,19:45,Maharashtra,Navi Mumbai,Airoli, Navi Mumbai - MPCB,0.16,181.76,,,,68.67,,,,,46.24,14.38,,,25.83,2.22,,,,,,,,,,,,,22.72,31.91,,,,,,,,,
24-May-2015,19:45,24-May-2015,20:00,Maharashtra,Navi Mumbai,Airoli, Navi Mumbai - MPCB,0.15,226.58,,,,69.59,,,,,46.24,14.38,,,25.76,2.23,,,,,,,,,,,,,22.89,31.5,,,,,,,,,
24-May-2015,20:00,24-May-2015,20:15,Maharashtra,Navi Mumbai,Airoli, Navi Mumbai - MPCB,0.2,298.65,,,,69.92,,,,,46.24,14.38,,,25.76,2.24,,,,,,,,,,,,,23.56,31.57,,,,,,,,,
24-May-2015,20:15,24-May-2015,20:30,Maharashtra,Navi Mumbai,Airoli, Navi Mumbai - MPCB,0.06,299.28,,,,70.77,,,,,46.24,14.38,,,25.67,2.29,,,,,,,,,,,,,23.63,31.41,,,,,,,,,
24-May-2015,20:30,24-May-2015,20:45,Maharashtra,Navi Mumbai,Airoli, Navi Mumbai - MPCB,0.16,197.27,,,,71.79,,,,,46.24,14.38,,,25.8,2.3,,,,,,,,,,,,,23.31,31.37,,,,,,,,,
24-May-2015,20:45,24-May-2015,21:00,Maharashtra,Navi Mumbai,Airoli, Navi Mumbai - MPCB,0.05,241.02,,,,71.9,,,,,46.24,14.38,,,25.26,2.26,,,,,,,,,,,,,22.61,31.27,,,,,,,,,
24-May-2015,21:00,24-May-2015,21:15,Maharashtra,Navi Mumbai,Airoli, Navi Mumbai - MPCB,0.07,282.37,,,,72.17,,,,,46.24,14.38,,,25.26,2.28,,,,,,,,,,,,,22.88,31.25,,,,,,,,,
24-May-2015,21:15,24-May-2015,21:30,Maharashtra,Navi Mumbai,Airoli, Navi Mumbai - MPCB,0.16,275.38,,,,72.02,,,,,46.24,14.38,,,25.37,2.28,,,,,,,,,,,,,23.2,31.29,,,,,,,,,
24-May-2015,21:30,24-May-2015,21:45,Maharashtra,Navi Mumbai,Airoli, Navi Mumbai - MPCB,0.49,206.63,,,,71.89,,,,,46.24,14.38,,,25.35,2.24,,,,,,,,,,,,,22.68,31.19,,,,,,,,,
24-May-2015,21:45,24-May-2015,22:00,Maharashtra,Navi Mumbai,Airoli, Navi Mumbai - MPCB,0.28,193.36,,,,72.31,,,,,46.24,14.38,,,25.06,2.29,,,,,,,,,,,,,22.78,31.15,,,,,,,,,
24-May-2015,22:00,24-May-2015,22:15,Maharashtra,Navi Mumbai,Airoli, Navi Mumbai - MPCB,0.19,239.22,,,,72.67,,,,,46.24,14.38,,,25.14,2.26,,,,,,,,,,,,,22.7,31.03,,,,,,,,,
24-May-2015,22:15,24-May-2015,22:30,Maharashtra,Navi Mumbai,Airoli, Navi Mumbai - MPCB,0.08,321.09,,,,72.72,,,,,46.24,14.38,,,25.13,2.25,,,,,,,,,,,,,22.21,30.89,,,,,,,,,
24-May-2015,22:30,24-May-2015,22:45,Maharashtra,Navi Mumbai,Airoli, Navi Mumbai - MPCB,0.17,241.57,,,,72.37,,,,,46.24,14.38,,,25.25,2.27,,,,,,,,,,,,,23.0,30.85,,,,,,,,,
24-May-2015,22:45,24-May-2015,23:00,Maharashtra,Navi Mumbai,Airoli, Navi Mumbai - MPCB,0.04,234.65,,,,72.25,,,,,46.24,14.38,,,25.21,2.29,,,,,,,,,,,,,22.54,30.85,,,,,,,,,
24-May-2015,23:00,24-May-2015,23:15,Maharashtra,Navi Mumbai,Airoli, Navi Mumbai - MPCB,0.49,219.8,,,,71.93,,,,,46.24,14.38,,,24.94,2.31,,,,,,,,,,,,,22.22,30.77,,,,,,,,,
24-May-2015,23:15,24-May-2015,23:30,Maharashtra,Navi Mumbai,Airoli, Navi Mumbai - MPCB,0.24,282.63,,,,72.02,,,,,46.24,14.38,,,25.29,2.27,,,,,,,,,,,,,22.57,30.89,,,,,,,,,
24-May-2015,23:30,24-May-2015,23:45,Maharashtra,Navi Mumbai,Airoli, Navi Mumbai - MPCB,0.29,312.51,,,,72.23,,,,,46.24,14.38,,,25.18,2.26,,,,,,,,,,,,,21.89,30.87,,,,,,,,,
24-May-2015,23:45,25-May-2015,00:00,Maharashtra,Navi Mumbai,Airoli, Navi Mumbai - MPCB,0.45,283.02,,,,72.39,,,,,46.24,14.38,,,25.04,2.27,,,,,,,,,,,,,22.7,30.81,,,,,,,,,
25-May-2015,00:00,25-May-2015,00:15,Maharashtra,Navi Mumbai,Airoli, Navi Mumbai - MPCB,0.53,246.01,,,,71.78,,,,,46.24,14.38,,,25.2,2.25,,,,,,,,,,,,,22.13,30.96,,,,,,,,,
25-May-2015,00:15,25-May-2015,00:30,Maharashtra,Navi Mumbai,Airoli, Navi Mumbai - MPCB,0.31,196.59,,,,72.0,,,,,46.24,14.38,,,25.08,2.29,,,,,,,,,,,,,22.09,30.94,,,,,,,,,
25-May-2015,00:30,25-May-2015,00:45,Maharashtra,Navi Mumbai,Airoli, Navi Mumbai - MPCB,0.03,137.68,,,,73.09,,,,,46.24,14.38,,,25.18,2.25,,,,,,,,,,,,,22.27,30.74,,,,,,,,,
25-May-2015,00:45,25-May-2015,01:00,Maharashtra,Navi Mumbai,Airoli, Navi Mumbai - MPCB,0.23,209.87,,,,73.84,,,,,46.24,14.38,,,25.24,2.25,,,,,,,,,,,,,22.17,30.68,,,,,,,,,
25-May-2015,01:00,25-May-2015,01:15,Maharashtra,Navi Mumbai,Airoli, Navi Mumbai - MPCB,0.24,236.16,,,,73.77,,,,,46.24,14.38,,,25.13,2.26,,,,,,,,,,,,,20.97,30.57,,,,,,,,,
25-May-2015,01:15,25-May-2015,01:30,Maharashtra,Navi Mumbai,Airoli, Navi Mumbai - MPCB,0.38,239.52,,,,73.44,,,,,46.24,14.38,,,25.06,2.25,,,,,,,,,,,,,20.27,30.68,,,,,,,,,
25-May-2015,01:30,25-May-2015,01:45,Maharashtra,Navi Mumbai,Airoli, Navi Mumbai - MPCB,0.12,267.09,,,,74.3,,,,,46.24,14.38,,,25.21,2.24,,,,,,,,,,,,,19.85,30.63,,,,,,,,,
25-May-2015,01:45,25-May-2015,02:00,Maharashtra,Navi Mumbai,Airoli, Navi Mumbai - MPCB,0.07,181.57,,,,74.82,,,,,46.24,14.38,,,25.54,2.24,,,,,,,,,,,,,20.35,30.59,,,,,,,,,
25-May-2015,02:00,25-May-2015,02:15,Maharashtra,Navi Mumbai,Airoli, Navi Mumbai - MPCB,0.28,229.04,,,,75.05,,,,,46.24,14.38,,,25.69,2.22,,,,,,,,,,,,,20.03,30.51,,,,,,,,,
25-May-2015,02:15,25-May-2015,02:30,Maharashtra,Navi Mumbai,Airoli, Navi Mumbai - MPCB,0.19,198.52,,,,75.33,,,,,46.24,14.38,,,25.56,2.21,,,,,,,,,,,,,19.62,30.63,,,,,,,,,
25-May-2015,02:30,25-May-2015,02:45,Maharashtra,Navi Mumbai,Airoli, Navi Mumbai - MPCB,0.14,339.72,,,,75.53,,,,,46.24,14.38,,,25.84,2.22,,,,,,,,,,,,,20.12,30.53,,,,,,,,,
25-May-2015,02:45,25-May-2015,03:00,Maharashtra,Navi Mumbai,Airoli, Navi Mumbai - MPCB,0.28,253.02,,,,75.37,,,,,46.24,14.38,,,25.94,2.19,,,,,,,,,,,,,20.23,30.49,,,,,,,,,
25-May-2015,03:00,25-May-2015,03:15,Maharashtra,Navi Mumbai,Airoli, Navi Mumbai - MPCB,0.04,302.44,,,,75.38,,,,,46.24,14.38,,,25.97,2.21,,,,,,,,,,,,,20.63,30.49,,,,,,,,,
25-May-2015,03:15,25-May-2015,03:30,Maharashtra,Navi Mumbai,Airoli, Navi Mumbai - MPCB,0.21,248.59,,,,75.65,,,,,46.24,14.38,,,25.85,2.23,,,,,,,,,,,,,20.47,30.53,,,,,,,,,
25-May-2015,03:30,25-May-2015,03:45,Maharashtra,Navi Mumbai,Airoli, Navi Mumbai - MPCB,0.17,242.45,,,,75.39,,,,,46.24,14.38,,,25.98,2.19,,,,,,,,,,,,,20.14,30.45,,,,,,,,,
25-May-2015,03:45,25-May-2015,04:00,Maharashtra,Navi Mumbai,Airoli, Navi Mumbai - MPCB,0.12,257.85,,,,74.87,,,,,46.24,14.38,,,26.26,2.23,,,,,,,,,,,,,19.74,30.47,,,,,,,,,
25-May-2015,04:00,25-May-2015,04:15,Maharashtra,Navi Mumbai,Airoli, Navi Mumbai - MPCB,0.06,349.11,,,,75.17,,,,,46.24,14.38,,,26.22,2.22,,,,,,,,,,,,,20.77,30.47,,,,,,,,,
25-May-2015,04:15,25-May-2015,04:30,Maharashtra,Navi Mumbai,Airoli, Navi Mumbai - MPCB,0.09,236.59,,,,75.78,,,,,46.24,14.38,,,26.34,2.21,,,,,,,,,,,,,21.03,30.49,,,,,,,,,
25-May-2015,04:30,25-May-2015,04:45,Maharashtra,Navi Mumbai,Airoli, Navi Mumbai - MPCB,0.06,352.66,,,,75.71,,,,,46.24,14.38,,,26.19,2.22,,,,,,,,,,,,,20.24,30.53,,,,,,,,,
25-May-2015,04:45,25-May-2015,05:00,Maharashtra,Navi Mumbai,Airoli, Navi Mumbai - MPCB,0.08,178.45,,,,75.73,,,,,46.24,14.38,,,25.98,2.19,,,,,,,,,,,,,21.22,30.38,,,,,,,,,
25-May-2015,05:00,25-May-2015,05:15,Maharashtra,Navi Mumbai,Airoli, Navi Mumbai - MPCB,0.04,197.0,,,,75.67,,,,,46.24,14.38,,,25.92,2.22,,,,,,,,,,,,,20.33,30.23,,,,,,,,,
25-May-2015,05:15,25-May-2015,05:30,Maharashtra,Navi Mumbai,Airoli, Navi Mumbai - MPCB,0.02,303.0,,,,76.0,,,,,46.24,14.38,,,25.93,2.2,,,,,,,,,,,,,20.34,30.29,,,,,,,,,
25-May-2015,05:30,25-May-2015,05:45,Maharashtra,Navi Mumbai,Airoli, Navi Mumbai - MPCB,0.07,325.24,,,,75.91,,,,,46.24,14.38,,,26.0,2.23,,,,,,,,,,,,,21.23,30.33,,,,,,,,,
25-May-2015,05:45,25-May-2015,06:00,Maharashtra,Navi Mumbai,Airoli, Navi Mumbai - MPCB,0.04,150.55,,,,76.67,,,,,46.24,14.38,,,25.92,2.24,,,,,,,,,,,,,21.12,30.28,,,,,,,,,
25-May-2015,06:00,25-May-2015,06:15,Maharashtra,Navi Mumbai,Airoli, Navi Mumbai - MPCB,0.03,308.39,,,,76.53,,,,,46.24,14.38,,,26.11,2.19,,,,,,,,,,,,,21.46,30.31,,,,,,,,,
25-May-2015,06:15,25-May-2015,06:30,Maharashtra,Navi Mumbai,Airoli, Navi Mumbai - MPCB,0.03,158.0,,,,76.41,,,,,46.24,14.38,,,26.08,2.23,,,,,,,,,,,,,21.91,30.35,,,,,,,,,
25-May-2015,06:30,25-May-2015,06:45,Maharashtra,Navi Mumbai,Airoli, Navi Mumbai - MPCB,,,,,,77.17,0.06,,,,46.24,14.38,,,26.18,2.24,,,,,,,,,,,,,21.69,30.33,,,,,,,,,
25-May-2015,06:45,25-May-2015,07:00,Maharashtra,Navi Mumbai,Airoli, Navi Mumbai - MPCB,0.03,7.0,,,,77.57,13.32,,,,46.24,14.38,,,26.14,2.23,,,,,,,,,,,,,21.27,30.24,,,,,,,,,
25-May-2015,07:00,25-May-2015,07:15,Maharashtra,Navi Mumbai,Airoli, Navi Mumbai - MPCB,0.15,0.08,,,,76.61,63.53,,,,46.24,14.38,,,26.05,2.23,,,,,,,,,,,,,21.53,30.5,,,,,,,,,
25-May-2015,07:15,25-May-2015,07:30,Maharashtra,Navi Mumbai,Airoli, Navi Mumbai - MPCB,0.09,343.58,,,,74.68,119.36,,,,46.24,14.38,,,26.23,2.28,,,,,,,,,,,,,22.13,30.78,,,,,,,,,
25-May-2015,07:30,25-May-2015,07:45,Maharashtra,Navi Mumbai,Airoli, Navi Mumbai - MPCB,0.45,277.36,,,,73.55,174.51,,,,46.24,14.38,,,26.29,2.22,,,,,,,,,,,,,21.58,31.06,,,,,,,,,
25-May-2015,07:45,25-May-2015,08:00,Maharashtra,Navi Mumbai,Airoli, Navi Mumbai - MPCB,0.31,228.15,,,,72.88,235.64,,,,46.24,14.38,,,25.89,2.25,,,,,,,,,,,,,22.95,31.25,,,,,,,,,
25-May-2015,08:00,25-May-2015,08:15,Maharashtra,Navi Mumbai,Airoli, Navi Mumbai - MPCB,0.25,200.67,,,,71.34,298.31,,,,46.24,14.38,,,26.05,2.25,,,,,,,,,,,,,22.73,31.74,,,,,,,,,
25-May-2015,08:15,25-May-2015,08:30,Maharashtra,Navi Mumbai,Airoli, Navi Mumbai - MPCB,0.23,271.61,,,,70.17,150.51,,,,46.24,14.38,,,25.88,2.27,,,,,,,,,,,,,23.34,31.94,,,,,,,,,
25-May-2015,08:30,25-May-2015,08:45,Maharashtra,Navi Mumbai,Airoli, Navi Mumbai - MPCB,0.09,349.36,,,,70.58,92.7,,,,46.24,14.38,,,25.91,2.27,,,,,,,,,,,,,23.67,31.73,,,,,,,,,
25-May-2015,08:45,25-May-2015,09:00,Maharashtra,Navi Mumbai,Airoli, Navi Mumbai - MPCB,0.09,186.5,,,,70.32,163.06,,,,46.24,14.38,,,25.8,2.26,,,,,,,,,,,,,23.65,31.95,,,,,,,,,
25-May-2015,09:00,25-May-2015,09:15,Maharashtra,Navi Mumbai,Airoli, Navi Mumbai - MPCB,0.33,212.16,,,,68.88,440.18,,,,46.24,14.38,,,25.49,2.29,,,,,,,,,,,,,23.89,32.11,,,,,,,,,
25-May-2015,09:15,25-May-2015,09:30,Maharashtra,Navi Mumbai,Airoli, Navi Mumbai - MPCB,0.58,334.68,,,,66.66,519.86,,,,46.24,14.38,,,25.61,2.29,,,,,,,,,,,,,23.77,32.6,,,,,,,,,
25-May-2015,09:30,25-May-2015,09:45,Maharashtra,Navi Mumbai,Airoli, Navi Mumbai - MPCB,0.4,209.17,,,,65.03,274.54,,,,46.24,14.38,,,25.55,2.32,,,,,,,,,,,,,23.35,32.88,,,,,,,,,
25-May-2015,09:45,25-May-2015,10:00,Maharashtra,Navi Mumbai,Airoli, Navi Mumbai - MPCB,0.17,337.6,,,,63.87,598.1,,,,46.24,14.38,,,25.46,2.29,,,,,,,,,,,,,23.3,32.98,,,,,,,,,
25-May-2015,10:00,25-May-2015,10:15,Maharashtra,Navi Mumbai,Airoli, Navi Mumbai - MPCB,0.38,220.54,,,,60.11,612.55,,,,46.24,14.38,,,25.22,2.31,,,,,,,,,,,,,23.39,33.88,,,,,,,,,
25-May-2015,10:15,25-May-2015,10:30,Maharashtra,Navi Mumbai,Airoli, Navi Mumbai - MPCB,0.13,184.74,,,,59.94,589.62,,,,46.24,14.38,,,25.34,2.32,,,,,,,,,,,,,22.69,33.97,,,,,,,,,
25-May-2015,10:30,25-May-2015,10:45,Maharashtra,Navi Mumbai,Airoli, Navi Mumbai - MPCB,0.63,248.01,,,,59.67,669.93,,,,46.24,14.38,,,25.12,2.29,,,,,,,,,,,,,23.09,34.06,,,,,,,,,
25-May-2015,10:45,25-May-2015,11:00,Maharashtra,Navi Mumbai,Airoli, Navi Mumbai - MPCB,0.33,259.66,,,,58.43,676.41,,,,48.01,15.73,,,25.33,2.29,,,,,,,,,,,,,23.14,33.86,,,,,,,,,
25-May-2015,11:00,25-May-2015,11:15,Maharashtra,Navi Mumbai,Airoli, Navi Mumbai - MPCB,0.39,306.0,,,,54.72,744.04,,,,49.71,17.15,,,25.15,2.3,,,,,,,,,,,,,22.74,34.83,,,,,,,,,
25-May-2015,11:15,25-May-2015,11:30,Maharashtra,Navi Mumbai,Airoli, Navi Mumbai - MPCB,0.08,319.26,,,,54.62,768.98,,,,49.71,17.15,,,25.32,2.29,,,,,,,,,,,,,22.39,35.29,,,,,,,,,
25-May-2015,11:30,25-May-2015,11:45,Maharashtra,Navi Mumbai,Airoli, Navi Mumbai - MPCB,0.57,232.79,,,,53.94,802.94,,,,49.71,17.15,,,25.23,2.27,,,,,,,,,,,,,22.1,34.97,,,,,,,,,
25-May-2015,11:45,25-May-2015,12:00,Maharashtra,Navi Mumbai,Airoli, Navi Mumbai - MPCB,0.48,179.08,,,,53.81,768.56,,,,49.71,17.15,,,25.15,2.27,,,,,,,,,,,,,21.61,34.98,,,,,,,,,
25-May-2015,12:00,25-May-2015,12:15,Maharashtra,Navi Mumbai,Airoli, Navi Mumbai - MPCB,0.24,220.14,,,,53.67,692.11,,,,54.62,17.15,,,25.48,2.23,,,,,,,,,,,,,22.01,35.35,,,,,,,,,
25-May-2015,12:15,25-May-2015,12:30,Maharashtra,Navi Mumbai,Airoli, Navi Mumbai - MPCB,0.5,248.74,,,,52.03,738.66,,,,54.62,17.15,,,25.46,2.28,,,,,,,,,,,,,21.89,35.44,,,,,,,,,
25-May-2015,12:30,25-May-2015,12:45,Maharashtra,Navi Mumbai,Airoli, Navi Mumbai - MPCB,0.3,194.91,,,,52.07,721.56,,,,54.62,17.15,,,25.53,2.26,,,,,,,,,,,,,21.93,35.18,,,,,,,,,
25-May-2015,12:45,25-May-2015,13:00,Maharashtra,Navi Mumbai,Airoli, Navi Mumbai - MPCB,0.54,280.1,,,,52.85,789.79,,,,54.62,17.15,,,25.69,2.24,,,,,,,,,,,,,21.4,35.21,,,,,,,,,
25-May-2015,13:00,25-May-2015,13:15,Maharashtra,Navi Mumbai,Airoli, Navi Mumbai - MPCB,0.73,208.8,,,,53.13,692.88,,,,54.62,17.15,,,25.71,2.23,,,,,,,,,,,,,21.32,35.13,,,,,,,,,
25-May-2015,13:15,25-May-2015,13:30,Maharashtra,Navi Mumbai,Airoli, Navi Mumbai - MPCB,0.39,225.15,,,,52.22,779.05,,,,54.62,17.15,,,25.78,2.27,,,,,,,,,,,,,22.35,35.38,,,,,,,,,
25-May-2015,13:30,25-May-2015,13:45,Maharashtra,Navi Mumbai,Airoli, Navi Mumbai - MPCB,0.6,287.41,,,,52.29,653.54,,,,54.62,17.15,,,25.65,2.24,,,,,,,,,,,,,21.73,35.55,,,,,,,,,
25-May-2015,13:45,25-May-2015,14:00,Maharashtra,Navi Mumbai,Airoli, Navi Mumbai - MPCB,0.32,175.49,,,,51.4,650.3,,,,54.62,17.15,,,25.62,2.23,,,,,,,,,,,,,22.27,35.97,,,,,,,,,
25-May-2015,14:00,25-May-2015,14:15,Maharashtra,Navi Mumbai,Airoli, Navi Mumbai - MPCB,0.24,173.74,,,,50.76,615.48,,,,54.62,17.15,,,26.26,2.23,,,,,,,,,,,,,21.02,36.06,,,,,,,,,
25-May-2015,14:15,25-May-2015,14:30,Maharashtra,Navi Mumbai,Airoli, Navi Mumbai - MPCB,0.18,216.05,,,,51.48,601.6,,,,54.62,17.15,,,25.82,2.23,,,,,,,,,,,,,21.76,35.89,,,,,,,,,
25-May-2015,14:30,25-May-2015,14:45,Maharashtra,Navi Mumbai,Airoli, Navi Mumbai - MPCB,0.76,217.02,,,,51.05,526.66,,,,54.62,17.15,,,25.74,2.22,,,,,,,,,,,,,21.94,35.69,,,,,,,,,
25-May-2015,14:45,25-May-2015,15:00,Maharashtra,Navi Mumbai,Airoli, Navi Mumbai - MPCB,0.31,238.29,,,,51.8,387.53,,,,54.62,17.15,,,25.72,2.22,,,,,,,,,,,,,22.1,35.6,,,,,,,,,
25-May-2015,15:00,25-May-2015,15:15,Maharashtra,Navi Mumbai,Airoli, Navi Mumbai - MPCB,0.14,214.83,,,,53.65,249.22,,,,59.31,17.15,,,26.01,2.24,,,,,,,,,,,,,22.14,35.56,,,,,,,,,
25-May-2015,15:15,25-May-2015,15:30,Maharashtra,Navi Mumbai,Airoli, Navi Mumbai - MPCB,0.65,216.56,,,,54.01,353.87,,,,61.02,17.15,,,26.13,2.21,,,,,,,,,,,,,22.49,35.4,,,,,,,,,
25-May-2015,15:30,25-May-2015,15:45,Maharashtra,Navi Mumbai,Airoli, Navi Mumbai - MPCB,0.17,242.88,,,,53.82,173.19,,,,61.02,17.15,,,26.1,2.23,,,,,,,,,,,,,22.0,35.39,,,,,,,,,
25-May-2015,15:45,25-May-2015,16:00,Maharashtra,Navi Mumbai,Airoli, Navi Mumbai - MPCB,0.04,234.39,,,,53.51,112.19,,,,62.74,17.86,,,26.07,2.27,,,,,,,,,,,,,22.52,35.3,,,,,,,,,
25-May-2015,16:00,25-May-2015,16:15,Maharashtra,Navi Mumbai,Airoli, Navi Mumbai - MPCB,0.56,224.39,,,,55.28,96.84,,,,76.54,25.15,,,26.33,2.33,,,,,,,,,,,,,23.23,35.18,,,,,,,,,
25-May-2015,16:15,25-May-2015,16:30,Maharashtra,Navi Mumbai,Airoli, Navi Mumbai - MPCB,0.3,216.74,,,,55.13,81.1,,,,76.54,25.15,,,25.99,2.35,,,,,,,,,,,,,23.16,35.08,,,,,,,,,
25-May-2015,16:30,25-May-2015,16:45,Maharashtra,Navi Mumbai,Airoli, Navi Mumbai - MPCB,0.2,327.08,,,,54.86,96.87,,,,76.54,25.15,,,25.92,2.38,,,,,,,,,,,,,23.11,35.05,,,,,,,,,
25-May-2015,16:45,25-May-2015,17:00,Maharashtra,Navi Mumbai,Airoli, Navi Mumbai - MPCB,0.47,231.18,,,,55.85,74.29,,,,76.54,25.15,,,25.97,2.43,,,,,,,,,,,,,23.34,34.59,,,,,,,,,
25-May-2015,17:00,25-May-2015,17:15,Maharashtra,Navi Mumbai,Airoli, Navi Mumbai - MPCB,0.46,279.06,,,,56.54,76.59,,,,94.95,28.83,,,26.04,2.48,,,,,,,,,,,,,23.17,34.17,,,,,,,,,
25-May-2015,17:15,25-May-2015,17:30,Maharashtra,Navi Mumbai,Airoli, Navi Mumbai - MPCB,0.37,204.28,,,,58.49,56.52,,,,4.33,11.89,,,25.8,2.48,,,,,,,,,,,,,23.5,33.96,,,,,,,,,
25-May-2015,17:30,25-May-2015,17:45,Maharashtra,Navi Mumbai,Airoli, Navi Mumbai - MPCB,0.54,176.74,,,,59.0,64.7,,,,75.46,4.93,,,25.83,2.45,,,,,,,,,,,,,23.64,33.77,,,,,,,,,
25-May-2015,17:45,25-May-2015,18:00,Maharashtra,Navi Mumbai,Airoli, Navi Mumbai - MPCB,0.42,243.3,,,,60.29,38.67,,,,103.5,10.54,,,25.71,2.46,,,,,,,,,,,,,23.97,33.41,,,,,,,,,
25-May-2015,18:00,25-May-2015,18:15,Maharashtra,Navi Mumbai,Airoli, Navi Mumbai - MPCB,0.23,255.6,,,,62.72,27.66,,,,156.46,21.13,,,25.77,2.49,,,,,,,,,,,,,23.98,33.07,,,,,,,,,
25-May-2015,18:15,25-May-2015,18:30,Maharashtra,Navi Mumbai,Airoli, Navi Mumbai - MPCB,0.32,223.6,,,,63.97,19.05,,,,161.56,28.74,,,25.63,2.46,,,,,,,,,,,,,24.77,33.04,,,,,,,,,
25-May-2015,18:30,25-May-2015,18:45,Maharashtra,Navi Mumbai,Airoli, Navi Mumbai - MPCB,0.13,183.88,,,,63.7,8.89,,,,144.51,34.83,,,25.66,2.44,,,,,,,,,,,,,25.32,32.85,,,,,,,,,
25-May-2015,18:45,25-May-2015,19:00,Maharashtra,Navi Mumbai,Airoli, Navi Mumbai - MPCB,0.13,189.36,,,,65.19,2.37,,,,110.04,36.05,,,25.65,2.44,,,,,,,,,,,,,26.14,32.62,,,,,,,,,
25-May-2015,19:00,25-May-2015,19:15,Maharashtra,Navi Mumbai,Airoli, Navi Mumbai - MPCB,0.12,359.83,,,,66.42,,,,,63.28,34.7,,,25.93,2.37,,,,,,,,,,,,,27.24,32.25,,,,,,,,,
25-May-2015,19:15,25-May-2015,19:30,Maharashtra,Navi Mumbai,Airoli, Navi Mumbai - MPCB,0.12,233.23,,,,67.86,,,,,68.38,35.72,,,25.71,2.36,,,,,,,,,,,,,28.05,32.01,,,,,,,,,
25-May-2015,19:30,25-May-2015,19:45,Maharashtra,Navi Mumbai,Airoli, Navi Mumbai - MPCB,0.23,233.54,,,,67.78,,,,,88.85,39.81,,,26.08,2.34,,,,,,,,,,,,,27.81,31.92,,,,,,,,,
25-May-2015,19:45,25-May-2015,20:00,Maharashtra,Navi Mumbai,Airoli, Navi Mumbai - MPCB,0.04,299.22,,,,68.98,,,,,92.32,40.51,,,25.81,2.37,,,,,,,,,,,,,28.43,31.63,,,,,,,,,
25-May-2015,20:00,25-May-2015,20:15,Maharashtra,Navi Mumbai,Airoli, Navi Mumbai - MPCB,0.28,232.42,,,,70.03,,,,,85.87,39.22,,,25.73,2.38,,,,,,,,,,,,,28.45,31.53,,,,,,,,,
25-May-2015,20:15,25-May-2015,20:30,Maharashtra,Navi Mumbai,Airoli, Navi Mumbai - MPCB,0.18,194.51,,,,69.63,,,,,86.66,39.37,,,25.85,2.39,,,,,,,,,,,,,29.71,31.51,,,,,,,,,
25-May-2015,20:30,25-May-2015,20:45,Maharashtra,Navi Mumbai,Airoli, Navi Mumbai - MPCB,0.21,275.54,,,,69.47,,,,,112.14,44.47,,,25.91,2.41,,,,,,,,,,,,,29.98,31.38,,,,,,,,,
25-May-2015,20:45,25-May-2015,21:00,Maharashtra,Navi Mumbai,Airoli, Navi Mumbai - MPCB,0.17,221.03,,,,70.83,,,,,102.26,42.49,,,25.87,2.38,,,,,,,,,,,,,29.89,31.33,,,,,,,,,
25-May-2015,21:00,25-May-2015,21:15,Maharashtra,Navi Mumbai,Airoli, Navi Mumbai - MPCB,0.24,249.84,,,,71.19,,,,,92.9,40.62,,,25.63,2.41,,,,,,,,,,,,,30.19,31.2,,,,,,,,,
25-May-2015,21:15,25-May-2015,21:30,Maharashtra,Navi Mumbai,Airoli, Navi Mumbai - MPCB,0.09,192.54,,,,71.6,,,,,96.2,41.28,,,25.56,2.4,,,,,,,,,,,,,29.82,31.16,,,,,,,,,
25-May-2015,21:30,25-May-2015,21:45,Maharashtra,Navi Mumbai,Airoli, Navi Mumbai - MPCB,0.03,244.38,,,,72.42,,,,,101.17,42.28,,,25.39,2.4,,,,,,,,,,,,,29.92,30.89,,,,,,,,,
25-May-2015,21:45,25-May-2015,22:00,Maharashtra,Navi Mumbai,Airoli, Navi Mumbai - MPCB,0.07,151.38,,,,73.28,,,,,87.05,39.45,,,25.34,2.45,,,,,,,,,,,,,29.78,30.7,,,,,,,,,
25-May-2015,22:00,25-May-2015,22:15,Maharashtra,Navi Mumbai,Airoli, Navi Mumbai - MPCB,0.13,199.38,,,,73.82,,,,,79.92,38.03,,,25.42,2.42,,,,,,,,,,,,,29.91,30.79,,,,,,,,,
25-May-2015,22:15,25-May-2015,22:30,Maharashtra,Navi Mumbai,Airoli, Navi Mumbai - MPCB,0.05,329.94,,,,73.94,,,,,100.21,42.08,,,25.45,2.4,,,,,,,,,,,,,29.61,30.78,,,,,,,,,
25-May-2015,22:30,25-May-2015,22:45,Maharashtra,Navi Mumbai,Airoli, Navi Mumbai - MPCB,0.0,209.0,,,,74.45,,,,,112.37,44.52,,,25.43,2.42,,,,,,,,,,,,,29.67,30.9,,,,,,,,,
25-May-2015,22:45,25-May-2015,23:00,Maharashtra,Navi Mumbai,Airoli, Navi Mumbai - MPCB,0.11,357.63,,,,74.41,,,,,122.67,46.58,,,25.32,2.41,,,,,,,,,,,,,29.81,30.65,,,,,,,,,
25-May-2015,23:00,25-May-2015,23:15,Maharashtra,Navi Mumbai,Airoli, Navi Mumbai - MPCB,0.12,313.53,,,,73.85,,,,,110.65,44.17,,,25.07,2.43,,,,,,,,,,,,,29.45,30.67,,,,,,,,,
25-May-2015,23:15,25-May-2015,23:30,Maharashtra,Navi Mumbai,Airoli, Navi Mumbai - MPCB,0.14,2.2,,,,74.33,,,,,92.84,40.61,,,25.03,2.43,,,,,,,,,,,,,29.9,30.64,,,,,,,,,
25-May-2015,23:30,25-May-2015,23:45,Maharashtra,Navi Mumbai,Airoli, Navi Mumbai - MPCB,0.01,19.85,,,,75.14,,,,,83.74,38.79,,,25.1,2.44,,,,,,,,,,,,,29.05,30.59,,,,,,,,,
25-May-2015,23:45,26-May-2015,00:00,Maharashtra,Navi Mumbai,Airoli, Navi Mumbai - MPCB,0.05,237.88,,,,75.39,,,,,102.78,42.6,,,25.25,2.44,,,,,,,,,,,,,29.1,30.5,,,,,,,,,
26-May-2015,00:00,26-May-2015,00:15,Maharashtra,Navi Mumbai,Airoli, Navi Mumbai - MPCB,0.05,179.76,,,,75.42,,,,,110.21,44.08,,,25.15,2.45,,,,,,,,,,,,,29.64,30.48,,,,,,,,,
26-May-2015,00:15,26-May-2015,00:30,Maharashtra,Navi Mumbai,Airoli, Navi Mumbai - MPCB,0.09,190.08,,,,75.64,,,,,87.65,39.57,,,25.24,2.44,,,,,,,,,,,,,29.48,30.44,,,,,,,,,
26-May-2015,00:30,26-May-2015,00:45,Maharashtra,Navi Mumbai,Airoli, Navi Mumbai - MPCB,0.13,251.95,,,,75.05,,,,,65.19,35.08,,,24.92,2.44,,,,,,,,,,,,,29.02,30.44,,,,,,,,,
26-May-2015,00:45,26-May-2015,01:00,Maharashtra,Navi Mumbai,Airoli, Navi Mumbai - MPCB,0.12,248.42,,,,75.05,,,,,58.95,33.83,,,25.27,2.44,,,,,,,,,,,,,28.55,30.47,,,,,,,,,
26-May-2015,01:00,26-May-2015,01:15,Maharashtra,Navi Mumbai,Airoli, Navi Mumbai - MPCB,0.03,148.0,,,,75.68,,,,,61.46,34.33,,,25.33,2.47,,,,,,,,,,,,,28.49,30.2,,,,,,,,,
26-May-2015,01:15,26-May-2015,01:30,Maharashtra,Navi Mumbai,Airoli, Navi Mumbai - MPCB,,,,,,76.45,,,,,73.28,36.7,,,25.05,2.44,,,,,,,,,,,,,28.1,30.17,,,,,,,,,
26-May-2015,01:30,26-May-2015,01:45,Maharashtra,Navi Mumbai,Airoli, Navi Mumbai - MPCB,,,,,,77.35,,,,,103.2,42.68,,,25.09,2.46,,,,,,,,,,,,,28.03,29.99,,,,,,,,,
26-May-2015,01:45,26-May-2015,02:00,Maharashtra,Navi Mumbai,Airoli, Navi Mumbai - MPCB,,,,,,78.09,,,,,140.46,50.13,,,24.92,2.45,,,,,,,,,,,,,27.98,29.91,,,,,,,,,
26-May-2015,02:00,26-May-2015,02:15,Maharashtra,Navi Mumbai,Airoli, Navi Mumbai - MPCB,0.1,172.67,,,,78.26,,,,,129.08,47.86,,,24.91,2.43,,,,,,,,,,,,,28.13,29.92,,,,,,,,,
26-May-2015,02:15,26-May-2015,02:30,Maharashtra,Navi Mumbai,Airoli, Navi Mumbai - MPCB,0.05,8.0,,,,77.88,,,,,79.44,37.93,,,25.07,2.4,,,,,,,,,,,,,27.55,29.75,,,,,,,,,
26-May-2015,02:30,26-May-2015,02:45,Maharashtra,Navi Mumbai,Airoli, Navi Mumbai - MPCB,0.07,5.68,,,,77.0,,,,,17.56,24.83,,,25.11,2.43,,,,,,,,,,,,,26.11,30.05,,,,,,,,,
26-May-2015,02:45,26-May-2015,03:00,Maharashtra,Navi Mumbai,Airoli, Navi Mumbai - MPCB,0.03,162.1,,,,76.41,,,,,,17.18,,,25.31,2.4,,,,,,,,,,,,,27.31,30.04,,,,,,,,,
26-May-2015,03:00,26-May-2015,03:15,Maharashtra,Navi Mumbai,Airoli, Navi Mumbai - MPCB,,,,,,77.43,,,,,0.1,18.46,,,25.28,2.42,,,,,,,,,,,,,27.24,30.01,,,,,,,,,
26-May-2015,03:15,26-May-2015,03:30,Maharashtra,Navi Mumbai,Airoli, Navi Mumbai - MPCB,0.02,92.5,,,,78.03,,,,,31.94,28.43,,,25.56,2.41,,,,,,,,,,,,,26.93,29.83,,,,,,,,,
26-May-2015,03:30,26-May-2015,03:45,Maharashtra,Navi Mumbai,Airoli, Navi Mumbai - MPCB,,,,,,78.2,,,,,77.41,37.52,,,25.49,2.41,,,,,,,,,,,,,26.68,29.99,,,,,,,,,
26-May-2015,03:45,26-May-2015,04:00,Maharashtra,Navi Mumbai,Airoli, Navi Mumbai - MPCB,,,,,,78.56,,,,,77.7,37.58,,,25.51,2.42,,,,,,,,,,,,,26.74,29.63,,,,,,,,,
26-May-2015,04:00,26-May-2015,04:15,Maharashtra,Navi Mumbai,Airoli, Navi Mumbai - MPCB,,,,,,78.92,,,,,76.56,37.35,,,25.75,2.43,,,,,,,,,,,,,26.79,29.5,,,,,,,,,
26-May-2015,04:15,26-May-2015,04:30,Maharashtra,Navi Mumbai,Airoli, Navi Mumbai - MPCB,,,,,,79.41,,,,,86.64,39.37,,,25.64,2.42,,,,,,,,,,,,,26.71,29.68,,,,,,,,,
26-May-2015,04:30,26-May-2015,04:45,Maharashtra,Navi Mumbai,Airoli, Navi Mumbai - MPCB,,,,,,79.77,,,,,80.69,38.18,,,25.58,2.43,,,,,,,,,,,,,27.24,29.58,,,,,,,,,
26-May-2015,04:45,26-May-2015,05:00,Maharashtra,Navi Mumbai,Airoli, Navi Mumbai - MPCB,,,,,,79.29,,,,,59.1,33.86,,,25.66,2.41,,,,,,,,,,,,,26.57,29.39,,,,,,,,,
26-May-2015,05:00,26-May-2015,05:15,Maharashtra,Navi Mumbai,Airoli, Navi Mumbai - MPCB,,,,,,79.06,,,,,57.68,33.58,,,25.73,2.4,,,,,,,,,,,,,27.35,29.44,,,,,,,,,
26-May-2015,05:15,26-May-2015,05:30,Maharashtra,Navi Mumbai,Airoli, Navi Mumbai - MPCB,0.07,204.38,,,,78.86,,,,,69.7,35.98,,,25.72,2.43,,,,,,,,,,,,,27.48,29.54,,,,,,,,,
26-May-2015,05:30,26-May-2015,05:45,Maharashtra,Navi Mumbai,Airoli, Navi Mumbai - MPCB,0.05,263.96,,,,77.63,,,,,61.24,34.29,,,25.75,2.44,,,,,,,,,,,,,26.6,29.92,,,,,,,,,
26-May-2015,05:45,26-May-2015,06:00,Maharashtra,Navi Mumbai,Airoli, Navi Mumbai - MPCB,0.08,287.38,,,,76.61,,,,,52.19,32.48,,,25.59,2.42,,,,,,,,,,,,,26.92,30.01,,,,,,,,,
26-May-2015,06:00,26-May-2015,06:15,Maharashtra,Navi Mumbai,Airoli, Navi Mumbai - MPCB,0.05,0.66,,,,76.44,,,,,48.76,31.79,,,25.59,2.42,,,,,,,,,,,,,27.22,29.94,,,,,,,,,
26-May-2015,06:15,26-May-2015,06:30,Maharashtra,Navi Mumbai,Airoli, Navi Mumbai - MPCB,,,,,,77.82,,,,,67.68,35.58,,,25.7,2.41,,,,,,,,,,,,,27.68,29.64,,,,,,,,,
26-May-2015,06:30,26-May-2015,06:45,Maharashtra,Navi Mumbai,Airoli, Navi Mumbai - MPCB,0.03,185.98,,,,78.65,0.28,,,,85.69,39.18,,,25.75,2.41,,,,,,,,,,,,,26.8,29.61,,,,,,,,,
26-May-2015,06:45,26-May-2015,07:00,Maharashtra,Navi Mumbai,Airoli, Navi Mumbai - MPCB,0.1,0.14,,,,77.92,7.05,,,,96.31,41.3,,,25.5,2.42,,,,,,,,,,,,,26.87,30.02,,,,,,,,,
26-May-2015,07:00,26-May-2015,07:15,Maharashtra,Navi Mumbai,Airoli, Navi Mumbai - MPCB,0.0,252.0,,,,77.31,18.19,,,,87.08,39.46,,,25.64,2.45,,,,,,,,,,,,,27.03,30.13,,,,,,,,,
26-May-2015,07:15,26-May-2015,07:30,Maharashtra,Navi Mumbai,Airoli, Navi Mumbai - MPCB,0.06,331.12,,,,76.66,76.09,,,,59.45,33.93,,,25.71,2.42,,,,,,,,,,,,,26.73,30.3,,,,,,,,,
26-May-2015,07:30,26-May-2015,07:45,Maharashtra,Navi Mumbai,Airoli, Navi Mumbai - MPCB,0.11,187.15,,,,75.05,147.67,,,,64.71,34.98,,,25.65,2.43,,,,,,,,,,,,,26.68,30.75,,,,,,,,,
26-May-2015,07:45,26-May-2015,08:00,Maharashtra,Navi Mumbai,Airoli, Navi Mumbai - MPCB,0.1,196.13,,,,73.12,185.36,,,,62.71,34.58,,,25.62,2.44,,,,,,,,,,,,,26.86,31.05,,,,,,,,,
26-May-2015,08:00,26-May-2015,08:15,Maharashtra,Navi Mumbai,Airoli, Navi Mumbai - MPCB,0.21,296.82,,,,73.08,183.15,,,,69.9,36.02,,,25.66,2.45,,,,,,,,,,,,,27.3,31.19,,,,,,,,,
26-May-2015,08:15,26-May-2015,08:30,Maharashtra,Navi Mumbai,Airoli, Navi Mumbai - MPCB,0.06,288.32,,,,70.82,295.96,,,,52.3,32.5,,,25.75,2.42,,,,,,,,,,,,,26.67,31.66,,,,,,,,,
26-May-2015,08:30,26-May-2015,08:45,Maharashtra,Navi Mumbai,Airoli, Navi Mumbai - MPCB,0.42,221.31,,,,68.43,286.12,,,,57.23,33.49,,,25.73,2.45,,,,,,,,,,,,,27.03,32.0,,,,,,,,,
26-May-2015,08:45,26-May-2015,09:00,Maharashtra,Navi Mumbai,Airoli, Navi Mumbai - MPCB,0.23,297.92,,,,66.22,420.4,,,,49.75,31.99,,,25.66,2.45,,,,,,,,,,,,,27.13,32.27,,,,,,,,,
26-May-2015,09:00,26-May-2015,09:15,Maharashtra,Navi Mumbai,Airoli, Navi Mumbai - MPCB,0.37,239.85,,,,63.72,372.14,,,,59.21,33.88,,,25.7,2.45,,,,,,,,,,,,,28.14,32.59,,,,,,,,,
26-May-2015,09:15,26-May-2015,09:30,Maharashtra,Navi Mumbai,Airoli, Navi Mumbai - MPCB,0.06,255.75,,,,61.62,479.88,,,,55.87,33.22,,,25.64,2.42,,,,,,,,,,,,,28.26,32.88,,,,,,,,,
26-May-2015,09:30,26-May-2015,09:45,Maharashtra,Navi Mumbai,Airoli, Navi Mumbai - MPCB,0.35,261.83,,,,60.43,474.53,,,,74.78,37.0,,,25.63,2.47,,,,,,,,,,,,,28.03,33.32,,,,,,,,,
26-May-2015,09:45,26-May-2015,10:00,Maharashtra,Navi Mumbai,Airoli, Navi Mumbai - MPCB,0.21,279.74,,,,58.18,583.16,,,,68.8,35.8,,,25.71,2.45,,,,,,,,,,,,,27.49,33.11,,,,,,,,,
26-May-2015,10:00,26-May-2015,10:15,Maharashtra,Navi Mumbai,Airoli, Navi Mumbai - MPCB,0.51,200.43,,,,57.72,603.87,,,,73.35,36.71,,,25.62,2.46,,,,,,,,,,,,,27.64,33.52,,,,,,,,,
26-May-2015,10:15,26-May-2015,10:30,Maharashtra,Navi Mumbai,Airoli, Navi Mumbai - MPCB,0.67,218.09,,,,57.24,595.86,,,,73.45,36.73,,,25.49,2.46,,,,,,,,,,,,,27.47,33.75,,,,,,,,,
26-May-2015,10:30,26-May-2015,10:45,Maharashtra,Navi Mumbai,Airoli, Navi Mumbai - MPCB,0.5,265.5,,,,57.35,668.28,,,,89.72,39.99,,,25.43,2.47,,,,,,,,,,,,,27.59,33.58,,,,,,,,,
26-May-2015,10:45,26-May-2015,11:00,Maharashtra,Navi Mumbai,Airoli, Navi Mumbai - MPCB,0.48,253.14,,,,56.72,565.15,,,,92.71,40.58,,,25.15,2.47,,,,,,,,,,,,,27.07,34.01,,,,,,,,,
26-May-2015,11:00,26-May-2015,11:15,Maharashtra,Navi Mumbai,Airoli, Navi Mumbai - MPCB,0.35,281.36,,,,56.05,636.88,,,,77.33,37.51,,,25.24,2.47,,,,,,,,,,,,,26.7,34.19,,,,,,,,,
26-May-2015,11:15,26-May-2015,11:30,Maharashtra,Navi Mumbai,Airoli, Navi Mumbai - MPCB,0.58,266.07,,,,55.53,623.25,,,,63.86,34.81,,,25.22,2.44,,,,,,,,,,,,,25.93,34.42,,,,,,,,,
26-May-2015,11:30,26-May-2015,11:45,Maharashtra,Navi Mumbai,Airoli, Navi Mumbai - MPCB,0.2,291.94,,,,54.9,548.88,,,,32.09,28.46,,,25.12,2.44,,,,,,,,,,,,,27.01,34.64,,,,,,,,,
26-May-2015,11:45,26-May-2015,12:00,Maharashtra,Navi Mumbai,Airoli, Navi Mumbai - MPCB,0.2,223.12,,,,54.3,536.67,,,,8.3,23.7,,,25.05,2.45,,,,,,,,,,,,,26.75,34.78,,,,,,,,,
26-May-2015,12:00,26-May-2015,12:15,Maharashtra,Navi Mumbai,Airoli, Navi Mumbai - MPCB,0.47,265.34,,,,53.88,688.05,,,,24.42,26.93,,,25.29,2.42,,,,,,,,,,,,,26.02,34.99,,,,,,,,,
26-May-2015,12:15,26-May-2015,12:30,Maharashtra,Navi Mumbai,Airoli, Navi Mumbai - MPCB,0.58,278.35,,,,53.44,655.29,,,,65.8,35.2,,,25.19,2.42,,,,,,,,,,,,,26.18,34.98,,,,,,,,,
26-May-2015,12:30,26-May-2015,12:45,Maharashtra,Navi Mumbai,Airoli, Navi Mumbai - MPCB,0.26,230.46,,,,53.38,737.8,,,,60.17,34.08,,,25.71,2.41,,,,,,,,,,,,,26.17,35.07,,,,,,,,,
26-May-2015,12:45,26-May-2015,13:00,Maharashtra,Navi Mumbai,Airoli, Navi Mumbai - MPCB,0.23,251.18,,,,51.46,687.91,,,,47.1,31.46,,,25.25,2.45,,,,,,,,,,,,,26.3,35.75,,,,,,,,,
26-May-2015,13:00,26-May-2015,13:15,Maharashtra,Navi Mumbai,Airoli, Navi Mumbai - MPCB,0.21,248.59,,,,51.27,770.23,,,,51.27,32.3,,,25.41,2.43,,,,,,,,,,,,,26.07,35.91,,,,,,,,,
26-May-2015,13:15,26-May-2015,13:30,Maharashtra,Navi Mumbai,Airoli, Navi Mumbai - MPCB,0.24,277.34,,,,51.14,724.27,,,,55.58,33.16,,,25.44,2.45,,,,,,,,,,,,,26.45,35.72,,,,,,,,,
26-May-2015,13:30,26-May-2015,13:45,Maharashtra,Navi Mumbai,Airoli, Navi Mumbai - MPCB,0.51,277.38,,,,50.94,565.62,,,,30.1,27.75,,,25.45,2.45,,,,,,,,,,,,,26.04,35.4,,,,,,,,,
26-May-2015,13:45,26-May-2015,14:00,Maharashtra,Navi Mumbai,Airoli, Navi Mumbai - MPCB,0.13,254.06,,,,50.11,618.27,,,,25.72,22.39,,,25.62,2.44,,,,,,,,,,,,,25.33,35.96,,,,,,,,,
26-May-2015,14:00,26-May-2015,14:15,Maharashtra,Navi Mumbai,Airoli, Navi Mumbai - MPCB,0.73,214.1,,,,49.99,669.01,,,,22.0,15.97,,,25.62,2.46,,,,,,,,,,,,,25.31,35.91,,,,,,,,,
26-May-2015,14:15,26-May-2015,14:30,Maharashtra,Navi Mumbai,Airoli, Navi Mumbai - MPCB,0.41,202.87,,,,50.9,638.62,,,,,,,,25.56,2.44,,,,,,,,,,,,,26.13,35.69,,,,,,,,,
26-May-2015,14:30,26-May-2015,14:45,Maharashtra,Navi Mumbai,Airoli, Navi Mumbai - MPCB,0.08,359.77,,,,51.48,477.04,,,,,,,,25.72,2.42,,,,,,,,,,,,,25.22,35.54,,,,,,,,,
26-May-2015,14:45,26-May-2015,15:00,Maharashtra,Navi Mumbai,Airoli, Navi Mumbai - MPCB,0.59,237.29,,,,52.16,386.99,,,,,,,,25.41,2.43,,,,,,,,,,,,,25.28,35.49,,,,,,,,,
26-May-2015,15:00,26-May-2015,15:15,Maharashtra,Navi Mumbai,Airoli, Navi Mumbai - MPCB,0.31,193.23,,,,53.04,260.78,,,,12.26,6.45,,,25.82,2.44,,,,,,,,,,,,,25.37,35.34,,,,,,,,,
26-May-2015,15:15,26-May-2015,15:30,Maharashtra,Navi Mumbai,Airoli, Navi Mumbai - MPCB,0.88,208.85,,,,53.66,344.06,,,,55.21,22.28,,,25.49,2.44,,,,,,,,,,,,,25.5,35.04,,,,,,,,,
26-May-2015,15:30,26-May-2015,15:45,Maharashtra,Navi Mumbai,Airoli, Navi Mumbai - MPCB,0.19,257.8,,,,52.8,160.43,,,,83.95,28.03,,,25.64,2.44,,,,,,,,,,,,,24.98,35.2,,,,,,,,,
26-May-2015,15:45,26-May-2015,16:00,Maharashtra,Navi Mumbai,Airoli, Navi Mumbai - MPCB,0.48,246.77,,,,53.89,118.34,,,,104.29,32.1,,,25.51,2.46,,,,,,,,,,,,,24.65,34.96,,,,,,,,,
26-May-2015,16:00,26-May-2015,16:15,Maharashtra,Navi Mumbai,Airoli, Navi Mumbai - MPCB,0.16,192.96,,,,54.54,97.52,,,,113.48,33.94,,,25.72,2.43,,,,,,,,,,,,,25.45,34.95,,,,,,,,,
26-May-2015,16:15,26-May-2015,16:30,Maharashtra,Navi Mumbai,Airoli, Navi Mumbai - MPCB,0.24,257.52,,,,56.47,88.75,,,,103.39,31.92,,,25.56,2.43,,,,,,,,,,,,,24.86,34.55,,,,,,,,,
26-May-2015,16:30,26-May-2015,16:45,Maharashtra,Navi Mumbai,Airoli, Navi Mumbai - MPCB,0.21,213.65,,,,57.82,99.58,,,,106.21,32.48,,,25.57,2.43,,,,,,,,,,,,,25.16,34.21,,,,,,,,,
26-May-2015,16:45,26-May-2015,17:00,Maharashtra,Navi Mumbai,Airoli, Navi Mumbai - MPCB,0.76,234.05,,,,59.06,105.79,,,,107.59,32.76,,,25.59,2.47,,,,,,,,,,,,,25.49,33.88,,,,,,,,,
26-May-2015,17:00,26-May-2015,17:15,Maharashtra,Navi Mumbai,Airoli, Navi Mumbai - MPCB,0.59,229.44,,,,58.89,84.01,,,,120.38,35.32,,,25.4,2.45,,,,,,,,,,,,,24.66,33.96,,,,,,,,,
26-May-2015,17:15,26-May-2015,17:30,Maharashtra,Navi Mumbai,Airoli, Navi Mumbai - MPCB,0.37,217.67,,,,59.56,67.85,,,,127.28,36.7,,,25.61,2.47,,,,,,,,,,,,,24.8,33.95,,,,,,,,,
26-May-2015,17:30,26-May-2015,17:45,Maharashtra,Navi Mumbai,Airoli, Navi Mumbai - MPCB,0.43,199.3,,,,61.86,60.35,,,,133.77,38.0,,,25.58,2.42,,,,,,,,,,,,,24.54,33.55,,,,,,,,,
26-May-2015,17:45,26-May-2015,18:00,Maharashtra,Navi Mumbai,Airoli, Navi Mumbai - MPCB,0.3,256.98,,,,62.27,47.13,,,,117.82,34.81,,,25.76,2.45,,,,,,,,,,,,,24.95,33.38,,,,,,,,,
26-May-2015,18:00,26-May-2015,18:15,Maharashtra,Navi Mumbai,Airoli, Navi Mumbai - MPCB,0.55,240.54,,,,62.77,32.91,,,,110.05,33.25,,,25.63,2.46,,,,,,,,,,,,,24.8,33.14,,,,,,,,,
26-May-2015,18:15,26-May-2015,18:30,Maharashtra,Navi Mumbai,Airoli, Navi Mumbai - MPCB,0.6,261.75,,,,64.34,24.98,,,,105.25,32.29,,,25.64,2.46,,,,,,,,,,,,,24.84,32.87,,,,,,,,,
26-May-2015,18:30,26-May-2015,18:45,Maharashtra,Navi Mumbai,Airoli, Navi Mumbai - MPCB,0.72,231.77,,,,64.91,15.53,,,,105.87,32.42,,,25.67,2.46,,,,,,,,,,,,,24.66,32.62,,,,,,,,,
26-May-2015,18:45,26-May-2015,19:00,Maharashtra,Navi Mumbai,Airoli, Navi Mumbai - MPCB,0.19,199.6,,,,65.34,1.16,,,,119.77,35.2,,,25.82,2.46,,,,,,,,,,,,,24.1,32.49,,,,,,,,,
26-May-2015,19:00,26-May-2015,19:15,Maharashtra,Navi Mumbai,Airoli, Navi Mumbai - MPCB,0.28,273.16,,,,66.03,,,,,127.68,36.78,,,25.47,2.45,,,,,,,,,,,,,24.69,32.26,,,,,,,,,
26-May-2015,19:15,26-May-2015,19:30,Maharashtra,Navi Mumbai,Airoli, Navi Mumbai - MPCB,0.19,241.99,,,,67.17,,,,,126.52,36.55,,,25.57,2.44,,,,,,,,,,,,,23.71,31.97,,,,,,,,,
26-May-2015,19:30,26-May-2015,19:45,Maharashtra,Navi Mumbai,Airoli, Navi Mumbai - MPCB,0.3,227.6,,,,67.64,,,,,118.64,34.97,,,25.52,2.44,,,,,,,,,,,,,24.78,31.79,,,,,,,,,
26-May-2015,19:45,26-May-2015,20:00,Maharashtra,Navi Mumbai,Airoli, Navi Mumbai - MPCB,0.13,256.16,,,,68.61,,,,,127.92,36.83,,,25.5,2.44,,,,,,,,,,,,,24.43,31.7,,,,,,,,,
26-May-2015,20:00,26-May-2015,20:15,Maharashtra,Navi Mumbai,Airoli, Navi Mumbai - MPCB,0.0,210.09,,,,69.64,,,,,131.88,37.62,,,25.69,2.45,,,,,,,,,,,,,23.73,31.59,,,,,,,,,
26-May-2015,20:15,26-May-2015,20:30,Maharashtra,Navi Mumbai,Airoli, Navi Mumbai - MPCB,0.16,216.55,,,,70.67,,,,,123.11,35.86,,,25.82,2.46,,,,,,,,,,,,,23.93,31.5,,,,,,,,,
26-May-2015,20:30,26-May-2015,20:45,Maharashtra,Navi Mumbai,Airoli, Navi Mumbai - MPCB,0.15,271.83,,,,71.06,,,,,120.98,35.44,,,25.69,2.46,,,,,,,,,,,,,24.47,31.45,,,,,,,,,
26-May-2015,20:45,26-May-2015,21:00,Maharashtra,Navi Mumbai,Airoli, Navi Mumbai - MPCB,0.09,173.79,,,,71.15,,,,,135.5,38.34,,,25.69,2.45,,,,,,,,,,,,,23.94,31.27,,,,,,,,,
26-May-2015,21:00,26-May-2015,21:15,Maharashtra,Navi Mumbai,Airoli, Navi Mumbai - MPCB,0.29,197.64,,,,71.23,,,,,135.97,38.44,,,25.61,2.46,,,,,,,,,,,,,24.84,31.23,,,,,,,,,
26-May-2015,21:15,26-May-2015,21:30,Maharashtra,Navi Mumbai,Airoli, Navi Mumbai - MPCB,0.16,167.91,,,,71.72,,,,,136.03,38.45,,,25.72,2.47,,,,,,,,,,,,,24.31,31.13,,,,,,,,,
26-May-2015,21:30,26-May-2015,21:45,Maharashtra,Navi Mumbai,Airoli, Navi Mumbai - MPCB,0.06,262.98,,,,71.95,,,,,146.32,40.51,,,25.5,2.46,,,,,,,,,,,,,24.58,31.04,,,,,,,,,
26-May-2015,21:45,26-May-2015,22:00,Maharashtra,Navi Mumbai,Airoli, Navi Mumbai - MPCB,0.33,246.57,,,,72.05,,,,,156.83,42.61,,,25.67,2.46,,,,,,,,,,,,,25.13,31.06,,,,,,,,,
26-May-2015,22:00,26-May-2015,22:15,Maharashtra,Navi Mumbai,Airoli, Navi Mumbai - MPCB,0.03,209.0,,,,73.04,,,,,156.35,42.51,,,25.43,2.49,,,,,,,,,,,,,25.06,30.87,,,,,,,,,
26-May-2015,22:15,26-May-2015,22:30,Maharashtra,Navi Mumbai,Airoli, Navi Mumbai - MPCB,0.08,181.06,,,,73.55,,,,,142.96,39.83,,,25.55,2.47,,,,,,,,,,,,,24.65,30.67,,,,,,,,,
26-May-2015,22:30,26-May-2015,22:45,Maharashtra,Navi Mumbai,Airoli, Navi Mumbai - MPCB,0.04,183.68,,,,73.89,,,,,141.94,39.63,,,25.53,2.5,,,,,,,,,,,,,24.94,30.67,,,,,,,,,
26-May-2015,22:45,26-May-2015,23:00,Maharashtra,Navi Mumbai,Airoli, Navi Mumbai - MPCB,0.01,161.89,,,,74.45,,,,,138.85,39.01,,,24.98,2.49,,,,,,,,,,,,,25.35,30.64,,,,,,,,,
26-May-2015,23:00,26-May-2015,23:15,Maharashtra,Navi Mumbai,Airoli, Navi Mumbai - MPCB,0.2,222.14,,,,73.96,,,,,132.99,37.84,,,25.11,2.5,,,,,,,,,,,,,24.61,30.73,,,,,,,,,
26-May-2015,23:15,26-May-2015,23:30,Maharashtra,Navi Mumbai,Airoli, Navi Mumbai - MPCB,0.05,322.39,,,,73.09,,,,,120.52,35.35,,,25.34,2.44,,,,,,,,,,,,,24.61,30.76,,,,,,,,,
26-May-2015,23:30,26-May-2015,23:45,Maharashtra,Navi Mumbai,Airoli, Navi Mumbai - MPCB,0.05,27.02,,,,73.33,,,,,100.91,31.42,,,25.1,2.51,,,,,,,,,,,,,24.09,30.45,,,,,,,,,
26-May-2015,23:45,27-May-2015,00:00,Maharashtra,Navi Mumbai,Airoli, Navi Mumbai - MPCB,0.02,7.0,,,,74.64,,,,,94.2,30.08,,,25.24,2.49,,,,,,,,,,,,,24.77,30.25,,,,,,,,,
27-May-2015,00:00,27-May-2015,00:15,Maharashtra,Navi Mumbai,Airoli, Navi Mumbai - MPCB,,,,,,75.81,,,,,92.78,29.8,,,25.15,2.5,,,,,,,,,,,,,25.08,30.02,,,,,,,,,
27-May-2015,00:15,27-May-2015,00:30,Maharashtra,Navi Mumbai,Airoli, Navi Mumbai - MPCB,,,,,,76.71,,,,,103.9,32.02,,,25.38,2.49,,,,,,,,,,,,,24.41,29.92,,,,,,,,,
27-May-2015,00:30,27-May-2015,00:45,Maharashtra,Navi Mumbai,Airoli, Navi Mumbai - MPCB,,,,,,77.38,,,,,127.87,36.82,,,24.87,2.45,,,,,,,,,,,,,24.18,30.08,,,,,,,,,
27-May-2015,00:45,27-May-2015,01:00,Maharashtra,Navi Mumbai,Airoli, Navi Mumbai - MPCB,0.02,144.0,,,,77.24,,,,,147.97,40.84,,,24.96,2.5,,,,,,,,,,,,,24.2,29.94,,,,,,,,,
27-May-2015,01:00,27-May-2015,01:15,Maharashtra,Navi Mumbai,Airoli, Navi Mumbai - MPCB,,,,,,77.05,,,,,147.26,40.69,,,25.06,2.49,,,,,,,,,,,,,23.81,30.18,,,,,,,,,
27-May-2015,01:15,27-May-2015,01:30,Maharashtra,Navi Mumbai,Airoli, Navi Mumbai - MPCB,,,,,,77.27,,,,,121.97,35.64,,,25.2,2.5,,,,,,,,,,,,,24.31,30.19,,,,,,,,,
27-May-2015,01:30,27-May-2015,01:45,Maharashtra,Navi Mumbai,Airoli, Navi Mumbai - MPCB,0.02,137.13,,,,77.02,,,,,99.29,31.1,,,25.07,2.48,,,,,,,,,,,,,24.03,29.94,,,,,,,,,
27-May-2015,01:45,27-May-2015,02:00,Maharashtra,Navi Mumbai,Airoli, Navi Mumbai - MPCB,,,,,,77.37,,,,,89.63,29.17,,,25.06,2.52,,,,,,,,,,,,,23.99,29.76,,,,,,,,,
27-May-2015,02:00,27-May-2015,02:15,Maharashtra,Navi Mumbai,Airoli, Navi Mumbai - MPCB,0.05,31.0,,,,77.61,,,,,86.59,28.56,,,25.06,2.48,,,,,,,,,,,,,23.25,29.64,,,,,,,,,
27-May-2015,02:15,27-May-2015,02:30,Maharashtra,Navi Mumbai,Airoli, Navi Mumbai - MPCB,,,,,,77.02,,,,,82.2,27.68,,,25.11,2.49,,,,,,,,,,,,,23.66,29.75,,,,,,,,,
27-May-2015,02:30,27-May-2015,02:45,Maharashtra,Navi Mumbai,Airoli, Navi Mumbai - MPCB,,,,,,77.12,,,,,78.27,26.9,,,24.99,2.52,,,,,,,,,,,,,23.26,29.8,,,,,,,,,
27-May-2015,02:45,27-May-2015,03:00,Maharashtra,Navi Mumbai,Airoli, Navi Mumbai - MPCB,,,,,,77.91,,,,,76.58,26.56,,,25.22,2.51,,,,,,,,,,,,,23.69,29.47,,,,,,,,,
27-May-2015,03:00,27-May-2015,03:15,Maharashtra,Navi Mumbai,Airoli, Navi Mumbai - MPCB,,,,,,78.33,,,,,88.85,29.01,,,25.19,2.52,,,,,,,,,,,,,24.1,29.31,,,,,,,,,
27-May-2015,03:15,27-May-2015,03:30,Maharashtra,Navi Mumbai,Airoli, Navi Mumbai - MPCB,,,,,,78.31,,,,,97.43,30.73,,,25.18,2.5,,,,,,,,,,,,,23.2,29.24,,,,,,,,,
27-May-2015,03:30,27-May-2015,03:45,Maharashtra,Navi Mumbai,Airoli, Navi Mumbai - MPCB,0.02,16.0,,,,78.38,,,,,81.33,27.51,,,25.07,2.49,,,,,,,,,,,,,22.8,29.37,,,,,,,,,
27-May-2015,03:45,27-May-2015,04:00,Maharashtra,Navi Mumbai,Airoli, Navi Mumbai - MPCB,,,,,,78.4,,,,,51.94,21.63,,,25.07,2.44,,,,,,,,,,,,,21.97,29.5,,,,,,,,,
27-May-2015,04:00,27-May-2015,04:15,Maharashtra,Navi Mumbai,Airoli, Navi Mumbai - MPCB,,,,,,78.91,,,,,34.19,18.08,,,25.33,2.47,,,,,,,,,,,,,22.05,29.46,,,,,,,,,
27-May-2015,04:15,27-May-2015,04:30,Maharashtra,Navi Mumbai,Airoli, Navi Mumbai - MPCB,,,,,,79.48,,,,,22.72,15.79,,,25.17,2.43,,,,,,,,,,,,,21.76,29.38,,,,,,,,,
27-May-2015,04:30,27-May-2015,04:45,Maharashtra,Navi Mumbai,Airoli, Navi Mumbai - MPCB,,,,,,79.84,,,,,21.76,15.59,,,25.5,2.46,,,,,,,,,,,,,22.53,29.3,,,,,,,,,
27-May-2015,04:45,27-May-2015,05:00,Maharashtra,Navi Mumbai,Airoli, Navi Mumbai - MPCB,,,,,,80.36,,,,,24.59,16.16,,,25.31,2.46,,,,,,,,,,,,,22.19,29.19,,,,,,,,,
27-May-2015,05:00,27-May-2015,05:15,Maharashtra,Navi Mumbai,Airoli, Navi Mumbai - MPCB,,,,,,81.22,,,,,47.33,20.71,,,25.62,2.45,,,,,,,,,,,,,22.19,29.03,,,,,,,,,
27-May-2015,05:15,27-May-2015,05:30,Maharashtra,Navi Mumbai,Airoli, Navi Mumbai - MPCB,,,,,,81.95,,,,,72.85,25.81,,,25.7,2.46,,,,,,,,,,,,,22.85,28.84,,,,,,,,,
27-May-2015,05:30,27-May-2015,05:45,Maharashtra,Navi Mumbai,Airoli, Navi Mumbai - MPCB,,,,,,82.49,,,,,92.6,29.76,,,25.66,2.49,,,,,,,,,,,,,22.81,28.76,,,,,,,,,
27-May-2015,05:45,27-May-2015,06:00,Maharashtra,Navi Mumbai,Airoli, Navi Mumbai - MPCB,,,,,,83.07,,,,,93.62,29.97,,,25.62,2.45,,,,,,,,,,,,,22.68,28.65,,,,,,,,,
27-May-2015,06:00,27-May-2015,06:15,Maharashtra,Navi Mumbai,Airoli, Navi Mumbai - MPCB,,,,,,83.4,,,,,96.73,30.59,,,25.66,2.49,,,,,,,,,,,,,22.88,28.6,,,,,,,,,
27-May-2015,06:15,27-May-2015,06:30,Maharashtra,Navi Mumbai,Airoli, Navi Mumbai - MPCB,,,,,,83.68,,,,,115.71,34.38,,,25.72,2.48,,,,,,,,,,,,,22.62,28.6,,,,,,,,,
27-May-2015,06:30,27-May-2015,06:45,Maharashtra,Navi Mumbai,Airoli, Navi Mumbai - MPCB,,,,,,83.77,3.05,,,,166.34,44.51,,,25.61,2.45,,,,,,,,,,,,,22.64,28.62,,,,,,,,,
27-May-2015,06:45,27-May-2015,07:00,Maharashtra,Navi Mumbai,Airoli, Navi Mumbai - MPCB,,,,,,83.36,23.28,,,,200.96,51.43,,,25.61,2.46,,,,,,,,,,,,,22.92,28.81,,,,,,,,,
27-May-2015,07:00,27-May-2015,07:15,Maharashtra,Navi Mumbai,Airoli, Navi Mumbai - MPCB,,,,,,81.67,65.67,,,,211.12,53.47,,,25.52,2.46,,,,,,,,,,,,,22.48,29.22,,,,,,,,,
27-May-2015,07:15,27-May-2015,07:30,Maharashtra,Navi Mumbai,Airoli, Navi Mumbai - MPCB,,,,,,77.54,103.89,,,,193.98,50.04,,,25.74,2.46,,,,,,,,,,,,,22.61,29.68,,,,,,,,,
27-May-2015,07:30,27-May-2015,07:45,Maharashtra,Navi Mumbai,Airoli, Navi Mumbai - MPCB,0.05,180.0,,,,73.59,160.09,,,,166.25,44.49,,,25.53,2.53,,,,,,,,,,,,,22.77,30.6,,,,,,,,,
27-May-2015,07:45,27-May-2015,08:00,Maharashtra,Navi Mumbai,Airoli, Navi Mumbai - MPCB,0.14,204.6,,,,71.68,151.22,,,,112.24,33.69,,,25.6,2.53,,,,,,,,,,,,,22.67,30.66,,,,,,,,,
27-May-2015,08:00,27-May-2015,08:15,Maharashtra,Navi Mumbai,Airoli, Navi Mumbai - MPCB,0.11,293.33,,,,71.28,239.13,,,,79.19,27.08,,,25.58,2.51,,,,,,,,,,,,,22.45,30.83,,,,,,,,,
27-May-2015,08:15,27-May-2015,08:30,Maharashtra,Navi Mumbai,Airoli, Navi Mumbai - MPCB,0.26,220.18,,,,68.78,298.8,,,,89.35,29.11,,,25.69,2.49,,,,,,,,,,,,,23.39,31.51,,,,,,,,,
27-May-2015,08:30,27-May-2015,08:45,Maharashtra,Navi Mumbai,Airoli, Navi Mumbai - MPCB,0.08,305.26,,,,68.63,301.65,,,,103.75,31.99,,,25.59,2.55,,,,,,,,,,,,,23.31,31.6,,,,,,,,,
27-May-2015,08:45,27-May-2015,09:00,Maharashtra,Navi Mumbai,Airoli, Navi Mumbai - MPCB,0.24,306.69,,,,69.15,172.54,,,,97.77,30.8,,,26.04,2.5,,,,,,,,,,,,,22.63,31.71,,,,,,,,,
27-May-2015,09:00,27-May-2015,09:15,Maharashtra,Navi Mumbai,Airoli, Navi Mumbai - MPCB,0.16,354.08,,,,69.23,345.72,,,,83.09,27.86,,,25.46,2.51,,,,,,,,,,,,,23.64,31.64,,,,,,,,,
27-May-2015,09:15,27-May-2015,09:30,Maharashtra,Navi Mumbai,Airoli, Navi Mumbai - MPCB,,,,,,,,,,,,,,,,,,,,,,,,,,,,,,,,,,,,,,,
27-May-2015,09:30,27-May-2015,09:45,Maharashtra,Navi Mumbai,Airoli, Navi Mumbai - MPCB,,,,,,,,,,,,,,,,,,,,,,,,,,,,,,,,,,,,,,,
27-May-2015,09:45,27-May-2015,10:00,Maharashtra,Navi Mumbai,Airoli, Navi Mumbai - MPCB,0.04,304.64,,,,65.42,334.4,,,,124.66,36.17,,,101.19,2.51,,,,,,,,,,,,,19.61,32.79,,,,,,,,,
27-May-2015,10:00,27-May-2015,10:15,Maharashtra,Navi Mumbai,Airoli, Navi Mumbai - MPCB,0.22,229.18,,,,64.14,555.97,,,,102.82,31.81,,,47.92,2.57,,,,,,,,,,,,,22.17,32.6,,,,,,,,,
27-May-2015,10:15,27-May-2015,10:30,Maharashtra,Navi Mumbai,Airoli, Navi Mumbai - MPCB,0.16,335.73,,,,58.98,635.99,,,,55.72,22.39,,,30.03,2.57,,,,,,,,,,,,,23.25,34.07,,,,,,,,,
27-May-2015,10:30,27-May-2015,10:45,Maharashtra,Navi Mumbai,Airoli, Navi Mumbai - MPCB,0.26,253.41,,,,57.96,721.24,,,,10.19,13.28,,,26.8,2.56,,,,,,,,,,,,,23.4,34.17,,,,,,,,,
27-May-2015,10:45,27-May-2015,11:00,Maharashtra,Navi Mumbai,Airoli, Navi Mumbai - MPCB,0.2,289.64,,,,58.19,540.93,,,,36.23,18.49,,,25.94,2.6,,,,,,,,,,,,,23.16,34.11,,,,,,,,,
27-May-2015,11:00,27-May-2015,11:15,Maharashtra,Navi Mumbai,Airoli, Navi Mumbai - MPCB,0.05,100.56,,,,57.8,401.77,,,,136.76,38.59,,,25.91,2.46,,,,,,,,,,,,,23.58,34.27,,,,,,,,,
27-May-2015,11:15,27-May-2015,11:30,Maharashtra,Navi Mumbai,Airoli, Navi Mumbai - MPCB,0.68,262.22,,,,57.48,736.06,,,,168.61,54.9,,,25.81,1.89,,,,,,,,,,,,,23.85,34.18,,,,,,,,,
27-May-2015,11:30,27-May-2015,11:45,Maharashtra,Navi Mumbai,Airoli, Navi Mumbai - MPCB,0.19,201.99,,,,56.05,717.73,,,,151.77,53.6,,,25.74,1.89,,,,,,,,,,,,,23.61,34.71,,,,,,,,,
27-May-2015,11:45,27-May-2015,12:00,Maharashtra,Navi Mumbai,Airoli, Navi Mumbai - MPCB,0.72,255.45,,,,57.21,577.82,,,,88.94,41.03,,,25.44,1.9,,,,,,,,,,,,,23.67,34.48,,,,,,,,,
27-May-2015,12:00,27-May-2015,12:15,Maharashtra,Navi Mumbai,Airoli, Navi Mumbai - MPCB,1.22,262.47,,,,56.36,866.04,,,,44.95,32.23,,,25.7,1.89,,,,,,,,,,,,,23.8,34.81,,,,,,,,,
27-May-2015,12:15,27-May-2015,12:30,Maharashtra,Navi Mumbai,Airoli, Navi Mumbai - MPCB,1.14,262.9,,,,56.3,837.05,,,,63.06,35.85,,,25.65,1.92,,,,,,,,,,,,,23.58,34.94,,,,,,,,,
27-May-2015,12:30,27-May-2015,12:45,Maharashtra,Navi Mumbai,Airoli, Navi Mumbai - MPCB,0.56,208.77,,,,55.85,823.18,,,,83.63,39.97,,,25.68,1.9,,,,,,,,,,,,,23.58,34.94,,,,,,,,,
27-May-2015,12:45,27-May-2015,13:00,Maharashtra,Navi Mumbai,Airoli, Navi Mumbai - MPCB,1.48,246.69,,,,56.3,827.26,,,,92.32,40.97,,,25.8,1.87,,,,,,,,,,,,,22.87,34.84,,,,,,,,,
27-May-2015,13:00,27-May-2015,13:15,Maharashtra,Navi Mumbai,Airoli, Navi Mumbai - MPCB,0.47,261.21,,,,55.09,786.65,,,,99.13,42.27,,,25.67,1.88,,,,,,,,,,,,,22.99,35.39,,,,,,,,,
27-May-2015,13:15,27-May-2015,13:30,Maharashtra,Navi Mumbai,Airoli, Navi Mumbai - MPCB,0.7,254.04,,,,54.22,733.24,,,,72.91,37.02,,,25.68,1.85,,,,,,,,,,,,,23.06,35.57,,,,,,,,,
27-May-2015,13:30,27-May-2015,13:45,Maharashtra,Navi Mumbai,Airoli, Navi Mumbai - MPCB,0.45,261.92,,,,55.49,652.75,,,,46.8,31.8,,,25.71,1.88,,,,,,,,,,,,,23.13,35.1,,,,,,,,,
27-May-2015,13:45,27-May-2015,14:00,Maharashtra,Navi Mumbai,Airoli, Navi Mumbai - MPCB,1.34,221.36,,,,56.3,683.47,,,,21.59,26.76,,,25.97,1.87,,,,,,,,,,,,,22.98,34.97,,,,,,,,,
27-May-2015,14:00,27-May-2015,14:15,Maharashtra,Navi Mumbai,Airoli, Navi Mumbai - MPCB,0.77,260.71,,,,56.14,655.86,,,,50.14,29.0,,,25.88,1.86,,,,,,,,,,,,,23.02,35.11,,,,,,,,,
27-May-2015,14:15,27-May-2015,14:30,Maharashtra,Navi Mumbai,Airoli, Navi Mumbai - MPCB,1.05,262.89,,,,55.84,608.79,,,,81.49,34.74,,,25.87,1.86,,,,,,,,,,,,,23.19,35.15,,,,,,,,,
27-May-2015,14:30,27-May-2015,14:45,Maharashtra,Navi Mumbai,Airoli, Navi Mumbai - MPCB,0.59,216.03,,,,55.23,476.61,,,,75.35,33.51,,,26.14,1.88,,,,,,,,,,,,,23.64,35.27,,,,,,,,,
27-May-2015,14:45,27-May-2015,15:00,Maharashtra,Navi Mumbai,Airoli, Navi Mumbai - MPCB,0.65,189.2,,,,55.27,334.01,,,,70.08,32.46,,,25.81,1.89,,,,,,,,,,,,,23.03,35.16,,,,,,,,,
27-May-2015,15:00,27-May-2015,15:15,Maharashtra,Navi Mumbai,Airoli, Navi Mumbai - MPCB,0.62,273.27,,,,54.81,237.09,,,,60.24,30.49,,,26.12,1.88,,,,,,,,,,,,,24.03,35.34,,,,,,,,,
27-May-2015,15:15,27-May-2015,15:30,Maharashtra,Navi Mumbai,Airoli, Navi Mumbai - MPCB,0.36,262.06,,,,54.96,374.6,,,,54.55,29.35,,,25.93,1.92,,,,,,,,,,,,,23.65,34.91,,,,,,,,,
27-May-2015,15:30,27-May-2015,15:45,Maharashtra,Navi Mumbai,Airoli, Navi Mumbai - MPCB,0.98,212.55,,,,55.68,142.15,,,,40.1,26.46,,,26.24,1.94,,,,,,,,,,,,,23.4,34.59,,,,,,,,,
27-May-2015,15:45,27-May-2015,16:00,Maharashtra,Navi Mumbai,Airoli, Navi Mumbai - MPCB,0.25,216.65,,,,55.9,104.67,,,,40.38,26.52,,,28.09,1.91,,,,,,,,,,,,,24.13,34.55,,,,,,,,,
27-May-2015,16:00,27-May-2015,16:15,Maharashtra,Navi Mumbai,Airoli, Navi Mumbai - MPCB,0.74,242.53,,,,56.53,86.76,,,,61.28,30.7,,,27.09,1.93,,,,,,,,,,,,,24.0,34.34,,,,,,,,,
27-May-2015,16:15,27-May-2015,16:30,Maharashtra,Navi Mumbai,Airoli, Navi Mumbai - MPCB,0.63,211.46,,,,57.85,81.34,,,,78.8,34.2,,,26.12,1.9,,,,,,,,,,,,,23.77,34.17,,,,,,,,,
27-May-2015,16:30,27-May-2015,16:45,Maharashtra,Navi Mumbai,Airoli, Navi Mumbai - MPCB,1.18,205.44,,,,59.12,99.02,,,,84.57,35.36,,,25.77,1.92,,,,,,,,,,,,,23.51,33.65,,,,,,,,,
27-May-2015,16:45,27-May-2015,17:00,Maharashtra,Navi Mumbai,Airoli, Navi Mumbai - MPCB,0.89,235.23,,,,59.58,86.77,,,,86.72,35.79,,,25.99,1.89,,,,,,,,,,,,,24.06,33.46,,,,,,,,,
27-May-2015,17:00,27-May-2015,17:15,Maharashtra,Navi Mumbai,Airoli, Navi Mumbai - MPCB,0.18,227.54,,,,60.44,72.82,,,,77.24,33.89,,,25.87,1.9,,,,,,,,,,,,,23.68,33.62,,,,,,,,,
27-May-2015,17:15,27-May-2015,17:30,Maharashtra,Navi Mumbai,Airoli, Navi Mumbai - MPCB,0.67,245.83,,,,61.5,65.08,,,,73.44,33.13,,,25.78,1.93,,,,,,,,,,,,,23.83,33.27,,,,,,,,,
27-May-2015,17:30,27-May-2015,17:45,Maharashtra,Navi Mumbai,Airoli, Navi Mumbai - MPCB,0.57,256.4,,,,62.12,77.48,,,,67.61,31.96,,,25.54,1.9,,,,,,,,,,,,,23.27,33.13,,,,,,,,,
27-May-2015,17:45,27-May-2015,18:00,Maharashtra,Navi Mumbai,Airoli, Navi Mumbai - MPCB,0.57,216.18,,,,62.82,44.68,,,,82.28,34.9,,,25.68,1.91,,,,,,,,,,,,,23.43,32.95,,,,,,,,,
27-May-2015,18:00,27-May-2015,18:15,Maharashtra,Navi Mumbai,Airoli, Navi Mumbai - MPCB,0.29,214.88,,,,62.22,26.04,,,,71.24,32.69,,,25.81,1.93,,,,,,,,,,,,,23.86,32.83,,,,,,,,,
27-May-2015,18:15,27-May-2015,18:30,Maharashtra,Navi Mumbai,Airoli, Navi Mumbai - MPCB,0.79,272.66,,,,63.97,16.44,,,,60.9,30.62,,,25.56,1.91,,,,,,,,,,,,,23.51,32.53,,,,,,,,,
27-May-2015,18:30,27-May-2015,18:45,Maharashtra,Navi Mumbai,Airoli, Navi Mumbai - MPCB,0.44,235.78,,,,64.73,8.48,,,,70.84,32.61,,,25.58,1.92,,,,,,,,,,,,,22.87,32.33,,,,,,,,,
27-May-2015,18:45,27-May-2015,19:00,Maharashtra,Navi Mumbai,Airoli, Navi Mumbai - MPCB,0.28,206.06,,,,65.91,0.25,,,,84.35,35.31,,,25.85,1.92,,,,,,,,,,,,,23.73,32.13,,,,,,,,,
27-May-2015,19:00,27-May-2015,19:15,Maharashtra,Navi Mumbai,Airoli, Navi Mumbai - MPCB,0.14,208.48,,,,67.19,,,,,87.17,35.88,,,25.86,1.9,,,,,,,,,,,,,23.48,31.84,,,,,,,,,
27-May-2015,19:15,27-May-2015,19:30,Maharashtra,Navi Mumbai,Airoli, Navi Mumbai - MPCB,0.39,211.98,,,,66.58,,,,,80.81,34.6,,,25.77,1.91,,,,,,,,,,,,,23.14,31.83,,,,,,,,,
27-May-2015,19:30,27-May-2015,19:45,Maharashtra,Navi Mumbai,Airoli, Navi Mumbai - MPCB,0.29,243.73,,,,68.0,,,,,92.63,36.97,,,25.68,1.94,,,,,,,,,,,,,23.34,31.82,,,,,,,,,
27-May-2015,19:45,27-May-2015,20:00,Maharashtra,Navi Mumbai,Airoli, Navi Mumbai - MPCB,0.43,185.28,,,,68.28,,,,,95.4,37.52,,,25.72,1.92,,,,,,,,,,,,,22.97,31.62,,,,,,,,,
27-May-2015,20:00,27-May-2015,20:15,Maharashtra,Navi Mumbai,Airoli, Navi Mumbai - MPCB,0.1,209.87,,,,69.2,,,,,94.75,37.39,,,25.48,1.93,,,,,,,,,,,,,22.93,31.52,,,,,,,,,
27-May-2015,20:15,27-May-2015,20:30,Maharashtra,Navi Mumbai,Airoli, Navi Mumbai - MPCB,0.17,213.21,,,,69.82,,,,,101.27,38.7,,,25.7,1.92,,,,,,,,,,,,,23.01,31.43,,,,,,,,,
27-May-2015,20:30,27-May-2015,20:45,Maharashtra,Navi Mumbai,Airoli, Navi Mumbai - MPCB,0.01,327.08,,,,69.9,,,,,78.05,34.05,,,25.78,1.92,,,,,,,,,,,,,23.29,31.21,,,,,,,,,
27-May-2015,20:45,27-May-2015,21:00,Maharashtra,Navi Mumbai,Airoli, Navi Mumbai - MPCB,0.12,38.28,,,,70.4,,,,,65.84,31.61,,,25.63,1.95,,,,,,,,,,,,,23.07,31.21,,,,,,,,,
27-May-2015,21:00,27-May-2015,21:15,Maharashtra,Navi Mumbai,Airoli, Navi Mumbai - MPCB,0.06,181.37,,,,70.42,,,,,73.88,33.22,,,25.73,1.91,,,,,,,,,,,,,22.68,31.23,,,,,,,,,
27-May-2015,21:15,27-May-2015,21:30,Maharashtra,Navi Mumbai,Airoli, Navi Mumbai - MPCB,0.12,231.31,,,,70.92,,,,,97.62,37.97,,,25.78,1.93,,,,,,,,,,,,,22.79,31.16,,,,,,,,,
27-May-2015,21:30,27-May-2015,21:45,Maharashtra,Navi Mumbai,Airoli, Navi Mumbai - MPCB,0.27,223.67,,,,71.55,,,,,82.01,34.84,,,26.07,1.94,,,,,,,,,,,,,22.96,31.15,,,,,,,,,
27-May-2015,21:45,27-May-2015,22:00,Maharashtra,Navi Mumbai,Airoli, Navi Mumbai - MPCB,0.08,136.92,,,,72.55,,,,,66.29,31.7,,,25.96,1.93,,,,,,,,,,,,,23.08,31.09,,,,,,,,,
27-May-2015,22:00,27-May-2015,22:15,Maharashtra,Navi Mumbai,Airoli, Navi Mumbai - MPCB,0.19,211.67,,,,72.59,,,,,70.09,32.46,,,25.91,1.95,,,,,,,,,,,,,23.66,31.13,,,,,,,,,
27-May-2015,22:15,27-May-2015,22:30,Maharashtra,Navi Mumbai,Airoli, Navi Mumbai - MPCB,0.08,207.15,,,,72.84,,,,,71.41,32.72,,,25.78,1.91,,,,,,,,,,,,,22.85,31.15,,,,,,,,,
27-May-2015,22:30,27-May-2015,22:45,Maharashtra,Navi Mumbai,Airoli, Navi Mumbai - MPCB,0.04,171.04,,,,72.37,,,,,81.58,34.76,,,25.77,1.87,,,,,,,,,,,,,23.15,30.95,,,,,,,,,
27-May-2015,22:45,27-May-2015,23:00,Maharashtra,Navi Mumbai,Airoli, Navi Mumbai - MPCB,0.06,208.34,,,,72.25,,,,,112.28,40.9,,,25.92,1.88,,,,,,,,,,,,,23.51,30.81,,,,,,,,,
27-May-2015,23:00,27-May-2015,23:15,Maharashtra,Navi Mumbai,Airoli, Navi Mumbai - MPCB,0.05,164.62,,,,72.85,,,,,133.12,45.07,,,25.78,1.9,,,,,,,,,,,,,24.49,30.68,,,,,,,,,
27-May-2015,23:15,27-May-2015,23:30,Maharashtra,Navi Mumbai,Airoli, Navi Mumbai - MPCB,0.02,197.0,,,,73.72,,,,,133.68,45.18,,,25.81,1.91,,,,,,,,,,,,,23.62,30.69,,,,,,,,,
27-May-2015,23:30,27-May-2015,23:45,Maharashtra,Navi Mumbai,Airoli, Navi Mumbai - MPCB,,,,,,74.67,,,,,144.97,47.44,,,25.6,1.95,,,,,,,,,,,,,24.37,30.49,,,,,,,,,
27-May-2015,23:45,28-May-2015,00:00,Maharashtra,Navi Mumbai,Airoli, Navi Mumbai - MPCB,,,,,,75.07,,,,,176.35,53.71,,,25.53,1.94,,,,,,,,,,,,,24.48,30.38,,,,,,,,,
28-May-2015,00:00,28-May-2015,00:15,Maharashtra,Navi Mumbai,Airoli, Navi Mumbai - MPCB,0.07,176.27,,,,74.25,,,,,203.54,59.15,,,25.52,1.9,,,,,,,,,,,,,24.08,30.56,,,,,,,,,
28-May-2015,00:15,28-May-2015,00:30,Maharashtra,Navi Mumbai,Airoli, Navi Mumbai - MPCB,0.01,54.0,,,,74.64,,,,,217.85,62.01,,,25.53,1.94,,,,,,,,,,,,,23.81,30.43,,,,,,,,,
28-May-2015,00:30,28-May-2015,00:45,Maharashtra,Navi Mumbai,Airoli, Navi Mumbai - MPCB,,,,,,75.02,,,,,218.33,62.11,,,25.54,1.92,,,,,,,,,,,,,24.31,30.22,,,,,,,,,
28-May-2015,00:45,28-May-2015,01:00,Maharashtra,Navi Mumbai,Airoli, Navi Mumbai - MPCB,,,,,,75.29,,,,,182.27,54.9,,,25.27,1.94,,,,,,,,,,,,,23.31,30.0,,,,,,,,,
28-May-2015,01:00,28-May-2015,01:15,Maharashtra,Navi Mumbai,Airoli, Navi Mumbai - MPCB,0.04,185.32,,,,75.42,,,,,156.85,49.81,,,25.24,1.95,,,,,,,,,,,,,23.39,30.0,,,,,,,,,
28-May-2015,01:15,28-May-2015,01:30,Maharashtra,Navi Mumbai,Airoli, Navi Mumbai - MPCB,,,,,,75.9,,,,,166.28,51.7,,,25.23,1.93,,,,,,,,,,,,,23.27,30.08,,,,,,,,,
28-May-2015,01:30,28-May-2015,01:45,Maharashtra,Navi Mumbai,Airoli, Navi Mumbai - MPCB,,,,,,76.8,,,,,182.06,54.85,,,25.37,1.91,,,,,,,,,,,,,23.42,29.93,,,,,,,,,
28-May-2015,01:45,28-May-2015,02:00,Maharashtra,Navi Mumbai,Airoli, Navi Mumbai - MPCB,,,,,,77.44,,,,,153.35,49.11,,,25.38,1.95,,,,,,,,,,,,,23.36,29.86,,,,,,,,,
28-May-2015,02:00,28-May-2015,02:15,Maharashtra,Navi Mumbai,Airoli, Navi Mumbai - MPCB,,,,,,78.13,,,,,115.44,41.53,,,25.36,1.92,,,,,,,,,,,,,23.47,29.71,,,,,,,,,
28-May-2015,02:15,28-May-2015,02:30,Maharashtra,Navi Mumbai,Airoli, Navi Mumbai - MPCB,,,,,,78.67,,,,,95.8,37.6,,,25.26,1.94,,,,,,,,,,,,,23.41,29.64,,,,,,,,,
28-May-2015,02:30,28-May-2015,02:45,Maharashtra,Navi Mumbai,Airoli, Navi Mumbai - MPCB,,,,,,78.99,,,,,101.85,38.81,,,25.27,1.97,,,,,,,,,,,,,23.21,29.6,,,,,,,,,
28-May-2015,02:45,28-May-2015,03:00,Maharashtra,Navi Mumbai,Airoli, Navi Mumbai - MPCB,,,,,,79.38,,,,,114.54,41.35,,,25.11,1.97,,,,,,,,,,,,,23.61,29.6,,,,,,,,,
28-May-2015,03:00,28-May-2015,03:15,Maharashtra,Navi Mumbai,Airoli, Navi Mumbai - MPCB,,,,,,79.74,,,,,105.38,39.52,,,25.1,1.96,,,,,,,,,,,,,22.95,29.55,,,,,,,,,
28-May-2015,03:15,28-May-2015,03:30,Maharashtra,Navi Mumbai,Airoli, Navi Mumbai - MPCB,0.07,143.3,,,,79.98,,,,,94.36,37.31,,,25.16,1.96,,,,,,,,,,,,,22.85,29.47,,,,,,,,,
28-May-2015,03:30,28-May-2015,03:45,Maharashtra,Navi Mumbai,Airoli, Navi Mumbai - MPCB,,,,,,80.1,,,,,78.46,34.13,,,25.03,1.98,,,,,,,,,,,,,22.79,29.4,,,,,,,,,
28-May-2015,03:45,28-May-2015,04:00,Maharashtra,Navi Mumbai,Airoli, Navi Mumbai - MPCB,0.05,212.25,,,,80.07,,,,,82.29,34.9,,,25.24,1.95,,,,,,,,,,,,,22.41,29.48,,,,,,,,,
28-May-2015,04:00,28-May-2015,04:15,Maharashtra,Navi Mumbai,Airoli, Navi Mumbai - MPCB,0.12,222.13,,,,79.18,,,,,86.95,35.83,,,25.18,1.94,,,,,,,,,,,,,22.97,29.65,,,,,,,,,
28-May-2015,04:15,28-May-2015,04:30,Maharashtra,Navi Mumbai,Airoli, Navi Mumbai - MPCB,,,,,,79.36,,,,,68.36,32.11,,,25.13,1.94,,,,,,,,,,,,,22.52,29.44,,,,,,,,,
28-May-2015,04:30,28-May-2015,04:45,Maharashtra,Navi Mumbai,Airoli, Navi Mumbai - MPCB,,,,,,80.12,,,,,47.41,27.92,,,25.07,1.92,,,,,,,,,,,,,22.71,29.15,,,,,,,,,
28-May-2015,04:45,28-May-2015,05:00,Maharashtra,Navi Mumbai,Airoli, Navi Mumbai - MPCB,,,,,,80.63,,,,,38.58,26.16,,,25.05,1.94,,,,,,,,,,,,,22.32,29.02,,,,,,,,,
28-May-2015,05:00,28-May-2015,05:15,Maharashtra,Navi Mumbai,Airoli, Navi Mumbai - MPCB,,,,,,81.18,,,,,22.22,22.89,,,25.18,1.91,,,,,,,,,,,,,20.97,28.95,,,,,,,,,
28-May-2015,05:15,28-May-2015,05:30,Maharashtra,Navi Mumbai,Airoli, Navi Mumbai - MPCB,,,,,,81.6,,,,,17.54,21.95,,,25.22,1.88,,,,,,,,,,,,,21.0,28.9,,,,,,,,,
28-May-2015,05:30,28-May-2015,05:45,Maharashtra,Navi Mumbai,Airoli, Navi Mumbai - MPCB,,,,,,82.17,,,,,5.45,19.53,,,25.31,1.92,,,,,,,,,,,,,21.13,28.84,,,,,,,,,
28-May-2015,05:45,28-May-2015,06:00,Maharashtra,Navi Mumbai,Airoli, Navi Mumbai - MPCB,,,,,,81.98,,,,,8.71,20.18,,,25.75,1.92,,,,,,,,,,,,,21.14,28.89,,,,,,,,,
28-May-2015,06:00,28-May-2015,06:15,Maharashtra,Navi Mumbai,Airoli, Navi Mumbai - MPCB,,,,,,81.65,,,,,21.1,22.66,,,25.63,1.87,,,,,,,,,,,,,21.19,28.9,,,,,,,,,
28-May-2015,06:15,28-May-2015,06:30,Maharashtra,Navi Mumbai,Airoli, Navi Mumbai - MPCB,,,,,,81.6,,,,,33.81,25.2,,,29.12,1.96,,,,,,,,,,,,,19.9,29.0,,,,,,,,,
28-May-2015,06:30,28-May-2015,06:45,Maharashtra,Navi Mumbai,Airoli, Navi Mumbai - MPCB,,,,,,81.35,0.02,,,,27.57,23.96,,,27.56,1.92,,,,,,,,,,,,,20.35,29.1,,,,,,,,,
28-May-2015,06:45,28-May-2015,07:00,Maharashtra,Navi Mumbai,Airoli, Navi Mumbai - MPCB,,,,,,81.03,14.09,,,,1.66,17.62,,,26.2,1.95,,,,,,,,,,,,,22.2,29.26,,,,,,,,,
28-May-2015,07:00,28-May-2015,07:15,Maharashtra,Navi Mumbai,Airoli, Navi Mumbai - MPCB,,,,,,79.93,46.89,,,,7.81,19.79,,,25.89,1.98,,,,,,,,,,,,,21.69,29.58,,,,,,,,,
28-May-2015,07:15,28-May-2015,07:30,Maharashtra,Navi Mumbai,Airoli, Navi Mumbai - MPCB,0.01,223.0,,,,78.02,110.85,,,,50.53,28.55,,,25.45,1.96,,,,,,,,,,,,,21.95,30.05,,,,,,,,,
28-May-2015,07:30,28-May-2015,07:45,Maharashtra,Navi Mumbai,Airoli, Navi Mumbai - MPCB,0.11,239.88,,,,75.53,87.2,,,,80.27,34.5,,,25.52,2.0,,,,,,,,,,,,,22.82,30.38,,,,,,,,,
28-May-2015,07:45,28-May-2015,08:00,Maharashtra,Navi Mumbai,Airoli, Navi Mumbai - MPCB,0.02,1.64,,,,74.1,168.64,,,,61.85,30.81,,,25.51,1.96,,,,,,,,,,,,,22.66,30.83,,,,,,,,,
28-May-2015,08:00,28-May-2015,08:15,Maharashtra,Navi Mumbai,Airoli, Navi Mumbai - MPCB,0.02,114.59,,,,72.53,120.31,,,,46.24,27.69,,,25.25,2.0,,,,,,,,,,,,,22.54,31.05,,,,,,,,,
28-May-2015,08:15,28-May-2015,08:30,Maharashtra,Navi Mumbai,Airoli, Navi Mumbai - MPCB,,,,,,71.87,92.8,,,,28.07,24.06,,,25.62,1.97,,,,,,,,,,,,,23.08,31.08,,,,,,,,,
28-May-2015,08:30,28-May-2015,08:45,Maharashtra,Navi Mumbai,Airoli, Navi Mumbai - MPCB,0.17,242.97,,,,70.75,119.44,,,,35.13,25.47,,,25.38,1.97,,,,,,,,,,,,,22.16,31.05,,,,,,,,,
28-May-2015,08:45,28-May-2015,09:00,Maharashtra,Navi Mumbai,Airoli, Navi Mumbai - MPCB,,,,,,69.26,105.59,,,,38.23,26.09,,,25.31,2.0,,,,,,,,,,,,,22.81,31.32,,,,,,,,,
28-May-2015,09:00,28-May-2015,09:15,Maharashtra,Navi Mumbai,Airoli, Navi Mumbai - MPCB,0.02,274.71,,,,66.23,403.76,,,,60.28,30.5,,,25.27,2.0,,,,,,,,,,,,,22.43,31.84,,,,,,,,,
28-May-2015,09:15,28-May-2015,09:30,Maharashtra,Navi Mumbai,Airoli, Navi Mumbai - MPCB,0.06,126.27,,,,60.78,513.64,,,,77.04,33.85,,,25.16,2.0,,,,,,,,,,,,,22.67,33.12,,,,,,,,,
28-May-2015,09:30,28-May-2015,09:45,Maharashtra,Navi Mumbai,Airoli, Navi Mumbai - MPCB,0.22,38.43,,,,58.22,568.21,,,,59.72,30.39,,,25.33,2.02,,,,,,,,,,,,,22.15,34.03,,,,,,,,,
28-May-2015,09:45,28-May-2015,10:00,Maharashtra,Navi Mumbai,Airoli, Navi Mumbai - MPCB,0.46,270.73,,,,57.72,453.0,,,,59.53,30.35,,,25.24,1.98,,,,,,,,,,,,,22.6,33.81,,,,,,,,,
28-May-2015,10:00,28-May-2015,10:15,Maharashtra,Navi Mumbai,Airoli, Navi Mumbai - MPCB,0.26,258.83,,,,60.93,271.51,,,,32.98,25.04,,,25.38,1.98,,,,,,,,,,,,,22.35,32.84,,,,,,,,,
28-May-2015,10:15,28-May-2015,10:30,Maharashtra,Navi Mumbai,Airoli, Navi Mumbai - MPCB,,,,,,,,,,,,,,,,,,,,,,,,,,,,,,,,,,,,,,,
28-May-2015,10:30,28-May-2015,10:45,Maharashtra,Navi Mumbai,Airoli, Navi Mumbai - MPCB,0.46,242.62,,,,59.6,671.01,,,,41.53,26.75,,,26.2,1.98,,,,,,,,,,,,,21.62,33.63,,,,,,,,,
28-May-2015,10:45,28-May-2015,11:00,Maharashtra,Navi Mumbai,Airoli, Navi Mumbai - MPCB,0.14,1.49,,,,58.56,532.88,,,,10.86,19.13,,,25.21,1.99,,,,,,,,,,,,,21.45,34.25,,,,,,,,,
28-May-2015,11:00,28-May-2015,11:15,Maharashtra,Navi Mumbai,Airoli, Navi Mumbai - MPCB,0.35,239.93,,,,57.67,697.38,,,,5.17,14.89,,,25.3,1.97,,,,,,,,,,,,,21.3,34.52,,,,,,,,,
28-May-2015,11:15,28-May-2015,11:30,Maharashtra,Navi Mumbai,Airoli, Navi Mumbai - MPCB,0.63,284.35,,,,57.9,455.0,,,,16.43,13.73,,,25.23,1.97,,,,,,,,,,,,,21.86,34.41,,,,,,,,,
28-May-2015,11:30,28-May-2015,11:45,Maharashtra,Navi Mumbai,Airoli, Navi Mumbai - MPCB,,,,,,,,,,,,,,,,,,,,,,,,,,,,,,,,,,,,,,,
28-May-2015,11:45,28-May-2015,12:00,Maharashtra,Navi Mumbai,Airoli, Navi Mumbai - MPCB,0.56,241.15,,,,57.81,676.92,,,,61.85,22.94,,,25.36,1.97,,,,,,,,,,,,,21.13,34.53,,,,,,,,,
28-May-2015,12:00,28-May-2015,12:15,Maharashtra,Navi Mumbai,Airoli, Navi Mumbai - MPCB,0.26,264.41,,,,56.63,683.35,,,,85.17,26.48,,,25.16,1.96,,,,,,,,,,,,,21.17,35.12,,,,,,,,,
28-May-2015,12:15,28-May-2015,12:30,Maharashtra,Navi Mumbai,Airoli, Navi Mumbai - MPCB,0.95,265.36,,,,56.9,872.13,,,,94.74,28.39,,,25.44,1.97,,,,,,,,,,,,,20.8,35.01,,,,,,,,,
28-May-2015,12:30,28-May-2015,12:45,Maharashtra,Navi Mumbai,Airoli, Navi Mumbai - MPCB,0.76,216.59,,,,57.02,869.03,,,,110.88,31.62,,,25.53,1.98,,,,,,,,,,,,,21.14,35.51,,,,,,,,,
28-May-2015,12:45,28-May-2015,13:00,Maharashtra,Navi Mumbai,Airoli, Navi Mumbai - MPCB,1.4,235.14,,,,57.66,775.0,,,,118.65,33.17,,,25.36,1.96,,,,,,,,,,,,,20.85,35.2,,,,,,,,,
28-May-2015,13:00,28-May-2015,13:15,Maharashtra,Navi Mumbai,Airoli, Navi Mumbai - MPCB,1.35,252.62,,,,58.71,788.23,,,,102.94,30.03,,,25.52,1.96,,,,,,,,,,,,,20.9,34.95,,,,,,,,,
28-May-2015,13:15,28-May-2015,13:30,Maharashtra,Navi Mumbai,Airoli, Navi Mumbai - MPCB,1.36,237.86,,,,58.41,804.11,,,,73.59,24.16,,,25.54,1.95,,,,,,,,,,,,,20.93,35.08,,,,,,,,,
28-May-2015,13:30,28-May-2015,13:45,Maharashtra,Navi Mumbai,Airoli, Navi Mumbai - MPCB,1.08,247.47,,,,58.99,698.58,,,,57.98,21.04,,,25.68,1.94,,,,,,,,,,,,,20.97,34.83,,,,,,,,,
28-May-2015,13:45,28-May-2015,14:00,Maharashtra,Navi Mumbai,Airoli, Navi Mumbai - MPCB,0.73,208.99,,,,57.97,702.96,,,,52.38,19.92,,,25.76,1.95,,,,,,,,,,,,,20.16,35.04,,,,,,,,,
28-May-2015,14:00,28-May-2015,14:15,Maharashtra,Navi Mumbai,Airoli, Navi Mumbai - MPCB,0.31,288.38,,,,56.55,673.86,,,,41.03,17.65,,,25.67,1.92,,,,,,,,,,,,,20.5,35.54,,,,,,,,,
28-May-2015,14:15,28-May-2015,14:30,Maharashtra,Navi Mumbai,Airoli, Navi Mumbai - MPCB,0.25,217.65,,,,55.45,560.65,,,,42.14,17.87,,,25.96,1.91,,,,,,,,,,,,,20.7,35.69,,,,,,,,,
28-May-2015,14:30,28-May-2015,14:45,Maharashtra,Navi Mumbai,Airoli, Navi Mumbai - MPCB,0.06,122.72,,,,55.95,500.01,,,,36.06,15.99,,,25.69,1.91,,,,,,,,,,,,,20.46,35.56,,,,,,,,,
28-May-2015,14:45,28-May-2015,15:00,Maharashtra,Navi Mumbai,Airoli, Navi Mumbai - MPCB,0.62,230.43,,,,56.48,370.11,,,,38.69,15.98,,,25.9,1.93,,,,,,,,,,,,,20.89,35.42,,,,,,,,,
28-May-2015,15:00,28-May-2015,15:15,Maharashtra,Navi Mumbai,Airoli, Navi Mumbai - MPCB,0.64,248.65,,,,57.43,244.03,,,,47.56,17.75,,,25.97,1.94,,,,,,,,,,,,,20.88,34.96,,,,,,,,,
28-May-2015,15:15,28-May-2015,15:30,Maharashtra,Navi Mumbai,Airoli, Navi Mumbai - MPCB,0.6,239.4,,,,57.13,360.59,,,,49.03,18.05,,,25.72,1.92,,,,,,,,,,,,,20.62,34.95,,,,,,,,,
28-May-2015,15:30,28-May-2015,15:45,Maharashtra,Navi Mumbai,Airoli, Navi Mumbai - MPCB,1.06,235.76,,,,56.82,134.91,,,,71.26,22.49,,,25.79,1.96,,,,,,,,,,,,,20.91,34.91,,,,,,,,,
28-May-2015,15:45,28-May-2015,16:00,Maharashtra,Navi Mumbai,Airoli, Navi Mumbai - MPCB,0.6,251.73,,,,57.58,104.32,,,,76.62,23.57,,,25.99,1.93,,,,,,,,,,,,,20.1,34.63,,,,,,,,,
28-May-2015,16:00,28-May-2015,16:15,Maharashtra,Navi Mumbai,Airoli, Navi Mumbai - MPCB,0.51,228.87,,,,58.35,89.42,,,,85.27,25.3,,,25.94,1.91,,,,,,,,,,,,,21.01,34.55,,,,,,,,,
28-May-2015,16:15,28-May-2015,16:30,Maharashtra,Navi Mumbai,Airoli, Navi Mumbai - MPCB,0.5,265.6,,,,58.0,76.55,,,,90.59,26.36,,,25.86,1.92,,,,,,,,,,,,,21.01,34.49,,,,,,,,,
28-May-2015,16:30,28-May-2015,16:45,Maharashtra,Navi Mumbai,Airoli, Navi Mumbai - MPCB,0.34,198.23,,,,57.7,74.54,,,,102.62,28.77,,,25.75,1.95,,,,,,,,,,,,,20.52,34.26,,,,,,,,,
28-May-2015,16:45,28-May-2015,17:00,Maharashtra,Navi Mumbai,Airoli, Navi Mumbai - MPCB,0.57,189.33,,,,57.77,67.09,,,,100.82,28.41,,,26.03,1.95,,,,,,,,,,,,,21.04,34.25,,,,,,,,,
28-May-2015,17:00,28-May-2015,17:15,Maharashtra,Navi Mumbai,Airoli, Navi Mumbai - MPCB,0.77,195.07,,,,59.29,70.88,,,,80.38,24.32,,,25.93,1.95,,,,,,,,,,,,,21.18,34.01,,,,,,,,,
28-May-2015,17:15,28-May-2015,17:30,Maharashtra,Navi Mumbai,Airoli, Navi Mumbai - MPCB,1.03,217.09,,,,61.63,52.65,,,,73.6,22.96,,,26.01,1.98,,,,,,,,,,,,,21.34,33.65,,,,,,,,,
28-May-2015,17:30,28-May-2015,17:45,Maharashtra,Navi Mumbai,Airoli, Navi Mumbai - MPCB,0.11,350.63,,,,64.37,47.58,,,,91.27,26.5,,,25.83,2.01,,,,,,,,,,,,,21.09,33.21,,,,,,,,,
28-May-2015,17:45,28-May-2015,18:00,Maharashtra,Navi Mumbai,Airoli, Navi Mumbai - MPCB,0.36,176.56,,,,64.92,30.01,,,,112.35,30.71,,,25.91,1.96,,,,,,,,,,,,,21.04,32.9,,,,,,,,,
28-May-2015,18:00,28-May-2015,18:15,Maharashtra,Navi Mumbai,Airoli, Navi Mumbai - MPCB,0.17,237.92,,,,64.31,21.03,,,,107.48,29.74,,,25.94,1.94,,,,,,,,,,,,,21.05,32.68,,,,,,,,,
28-May-2015,18:15,28-May-2015,18:30,Maharashtra,Navi Mumbai,Airoli, Navi Mumbai - MPCB,0.34,255.25,,,,63.99,15.67,,,,101.82,28.61,,,25.87,1.96,,,,,,,,,,,,,20.19,32.66,,,,,,,,,
28-May-2015,18:30,28-May-2015,18:45,Maharashtra,Navi Mumbai,Airoli, Navi Mumbai - MPCB,0.23,221.09,,,,65.88,5.84,,,,107.11,29.66,,,25.99,1.98,,,,,,,,,,,,,21.28,32.34,,,,,,,,,
28-May-2015,18:45,28-May-2015,19:00,Maharashtra,Navi Mumbai,Airoli, Navi Mumbai - MPCB,0.09,180.29,,,,67.21,0.64,,,,113.5,30.94,,,25.93,1.97,,,,,,,,,,,,,20.96,32.07,,,,,,,,,
28-May-2015,19:00,28-May-2015,19:15,Maharashtra,Navi Mumbai,Airoli, Navi Mumbai - MPCB,0.28,233.21,,,,67.65,,,,,119.59,32.16,,,25.6,1.98,,,,,,,,,,,,,21.2,31.88,,,,,,,,,
28-May-2015,19:15,28-May-2015,19:30,Maharashtra,Navi Mumbai,Airoli, Navi Mumbai - MPCB,0.19,151.45,,,,67.53,,,,,124.72,33.19,,,25.87,1.96,,,,,,,,,,,,,21.02,31.84,,,,,,,,,
28-May-2015,19:30,28-May-2015,19:45,Maharashtra,Navi Mumbai,Airoli, Navi Mumbai - MPCB,0.09,173.25,,,,68.63,,,,,121.84,32.61,,,25.78,1.99,,,,,,,,,,,,,21.14,31.5,,,,,,,,,
28-May-2015,19:45,28-May-2015,20:00,Maharashtra,Navi Mumbai,Airoli, Navi Mumbai - MPCB,0.39,203.44,,,,69.53,,,,,111.09,30.46,,,25.83,1.95,,,,,,,,,,,,,20.9,31.44,,,,,,,,,
28-May-2015,20:00,28-May-2015,20:15,Maharashtra,Navi Mumbai,Airoli, Navi Mumbai - MPCB,0.3,199.94,,,,70.08,,,,,103.66,28.97,,,25.71,1.97,,,,,,,,,,,,,20.96,31.51,,,,,,,,,
28-May-2015,20:15,28-May-2015,20:30,Maharashtra,Navi Mumbai,Airoli, Navi Mumbai - MPCB,0.16,236.26,,,,70.52,,,,,100.93,28.43,,,25.95,1.97,,,,,,,,,,,,,21.49,31.39,,,,,,,,,
28-May-2015,20:30,28-May-2015,20:45,Maharashtra,Navi Mumbai,Airoli, Navi Mumbai - MPCB,0.13,9.89,,,,70.91,,,,,105.36,29.31,,,25.88,1.96,,,,,,,,,,,,,21.27,31.36,,,,,,,,,
28-May-2015,20:45,28-May-2015,21:00,Maharashtra,Navi Mumbai,Airoli, Navi Mumbai - MPCB,0.09,352.85,,,,72.03,,,,,115.05,31.25,,,25.73,1.99,,,,,,,,,,,,,20.71,31.2,,,,,,,,,
28-May-2015,21:00,28-May-2015,21:15,Maharashtra,Navi Mumbai,Airoli, Navi Mumbai - MPCB,0.05,190.99,,,,72.5,,,,,124.17,33.08,,,25.99,1.97,,,,,,,,,,,,,20.57,31.05,,,,,,,,,
28-May-2015,21:15,28-May-2015,21:30,Maharashtra,Navi Mumbai,Airoli, Navi Mumbai - MPCB,0.01,188.83,,,,72.07,,,,,134.67,35.18,,,26.03,1.95,,,,,,,,,,,,,21.85,31.04,,,,,,,,,
28-May-2015,21:30,28-May-2015,21:45,Maharashtra,Navi Mumbai,Airoli, Navi Mumbai - MPCB,0.0,53.0,,,,72.38,,,,,152.64,38.77,,,25.9,1.99,,,,,,,,,,,,,20.71,30.88,,,,,,,,,
28-May-2015,21:45,28-May-2015,22:00,Maharashtra,Navi Mumbai,Airoli, Navi Mumbai - MPCB,0.01,4.01,,,,73.0,,,,,168.51,41.94,,,26.03,1.99,,,,,,,,,,,,,21.13,30.86,,,,,,,,,
28-May-2015,22:00,28-May-2015,22:15,Maharashtra,Navi Mumbai,Airoli, Navi Mumbai - MPCB,0.03,10.72,,,,73.47,,,,,196.45,47.53,,,25.81,1.97,,,,,,,,,,,,,21.0,30.62,,,,,,,,,
28-May-2015,22:15,28-May-2015,22:30,Maharashtra,Navi Mumbai,Airoli, Navi Mumbai - MPCB,0.08,21.7,,,,73.66,,,,,227.59,53.76,,,25.58,1.98,,,,,,,,,,,,,21.3,30.54,,,,,,,,,
28-May-2015,22:30,28-May-2015,22:45,Maharashtra,Navi Mumbai,Airoli, Navi Mumbai - MPCB,0.01,6.0,,,,74.0,,,,,243.99,57.04,,,25.79,2.01,,,,,,,,,,,,,21.03,30.58,,,,,,,,,
28-May-2015,22:45,28-May-2015,23:00,Maharashtra,Navi Mumbai,Airoli, Navi Mumbai - MPCB,0.12,11.82,,,,74.11,,,,,223.78,53.0,,,25.84,1.99,,,,,,,,,,,,,21.35,30.57,,,,,,,,,
28-May-2015,23:00,28-May-2015,23:15,Maharashtra,Navi Mumbai,Airoli, Navi Mumbai - MPCB,0.09,20.44,,,,74.0,,,,,190.15,46.27,,,26.03,1.97,,,,,,,,,,,,,21.0,30.52,,,,,,,,,
28-May-2015,23:15,28-May-2015,23:30,Maharashtra,Navi Mumbai,Airoli, Navi Mumbai - MPCB,0.03,333.2,,,,74.35,,,,,160.77,40.4,,,25.7,1.97,,,,,,,,,,,,,21.14,30.47,,,,,,,,,
28-May-2015,23:30,28-May-2015,23:45,Maharashtra,Navi Mumbai,Airoli, Navi Mumbai - MPCB,,,,,,74.98,,,,,140.56,36.35,,,26.04,2.01,,,,,,,,,,,,,21.65,30.32,,,,,,,,,
28-May-2015,23:45,29-May-2015,00:00,Maharashtra,Navi Mumbai,Airoli, Navi Mumbai - MPCB,,,,,,75.52,,,,,148.16,37.87,,,25.95,2.01,,,,,,,,,,,,,21.9,30.3,,,,,,,,,
29-May-2015,00:00,29-May-2015,00:15,Maharashtra,Navi Mumbai,Airoli, Navi Mumbai - MPCB,,,,,,75.93,,,,,153.69,38.98,,,25.63,2.02,,,,,,,,,,,,,22.16,30.45,,,,,,,,,
29-May-2015,00:15,29-May-2015,00:30,Maharashtra,Navi Mumbai,Airoli, Navi Mumbai - MPCB,,,,,,75.52,,,,,168.84,42.01,,,25.7,2.03,,,,,,,,,,,,,21.83,30.2,,,,,,,,,
29-May-2015,00:30,29-May-2015,00:45,Maharashtra,Navi Mumbai,Airoli, Navi Mumbai - MPCB,,,,,,75.63,,,,,172.42,42.73,,,25.53,1.99,,,,,,,,,,,,,22.33,30.05,,,,,,,,,
29-May-2015,00:45,29-May-2015,01:00,Maharashtra,Navi Mumbai,Airoli, Navi Mumbai - MPCB,,,,,,75.88,,,,,176.35,43.51,,,25.54,2.04,,,,,,,,,,,,,22.21,30.01,,,,,,,,,
29-May-2015,01:00,29-May-2015,01:15,Maharashtra,Navi Mumbai,Airoli, Navi Mumbai - MPCB,,,,,,76.2,,,,,161.73,40.59,,,25.38,2.03,,,,,,,,,,,,,22.27,29.95,,,,,,,,,
29-May-2015,01:15,29-May-2015,01:30,Maharashtra,Navi Mumbai,Airoli, Navi Mumbai - MPCB,0.02,50.62,,,,75.99,,,,,169.58,42.16,,,25.6,2.01,,,,,,,,,,,,,21.6,30.08,,,,,,,,,
29-May-2015,01:30,29-May-2015,01:45,Maharashtra,Navi Mumbai,Airoli, Navi Mumbai - MPCB,0.01,106.0,,,,75.48,,,,,191.4,46.52,,,25.39,2.03,,,,,,,,,,,,,21.81,29.93,,,,,,,,,
29-May-2015,01:45,29-May-2015,02:00,Maharashtra,Navi Mumbai,Airoli, Navi Mumbai - MPCB,,,,,,75.27,,,,,190.81,46.4,,,25.09,2.06,,,,,,,,,,,,,22.01,29.92,,,,,,,,,
29-May-2015,02:00,29-May-2015,02:15,Maharashtra,Navi Mumbai,Airoli, Navi Mumbai - MPCB,,,,,,75.66,,,,,180.88,44.42,,,25.33,2.05,,,,,,,,,,,,,21.93,29.87,,,,,,,,,
29-May-2015,02:15,29-May-2015,02:30,Maharashtra,Navi Mumbai,Airoli, Navi Mumbai - MPCB,,,,,,76.14,,,,,143.43,36.93,,,25.33,2.05,,,,,,,,,,,,,22.14,29.71,,,,,,,,,
29-May-2015,02:30,29-May-2015,02:45,Maharashtra,Navi Mumbai,Airoli, Navi Mumbai - MPCB,0.01,90.0,,,,77.03,,,,,136.09,35.46,,,25.33,2.05,,,,,,,,,,,,,21.45,29.69,,,,,,,,,
29-May-2015,02:45,29-May-2015,03:00,Maharashtra,Navi Mumbai,Airoli, Navi Mumbai - MPCB,,,,,,77.35,,,,,151.83,38.61,,,25.11,2.01,,,,,,,,,,,,,21.57,29.58,,,,,,,,,
29-May-2015,03:00,29-May-2015,03:15,Maharashtra,Navi Mumbai,Airoli, Navi Mumbai - MPCB,,,,,,77.9,,,,,164.34,41.11,,,25.38,2.04,,,,,,,,,,,,,21.65,29.45,,,,,,,,,
29-May-2015,03:15,29-May-2015,03:30,Maharashtra,Navi Mumbai,Airoli, Navi Mumbai - MPCB,,,,,,78.75,,,,,157.41,39.72,,,25.3,2.02,,,,,,,,,,,,,21.15,29.28,,,,,,,,,
29-May-2015,03:30,29-May-2015,03:45,Maharashtra,Navi Mumbai,Airoli, Navi Mumbai - MPCB,,,,,,79.34,,,,,140.0,36.24,,,25.39,2.07,,,,,,,,,,,,,21.06,29.19,,,,,,,,,
29-May-2015,03:45,29-May-2015,04:00,Maharashtra,Navi Mumbai,Airoli, Navi Mumbai - MPCB,,,,,,80.0,,,,,120.9,32.42,,,25.16,2.03,,,,,,,,,,,,,21.69,29.09,,,,,,,,,
29-May-2015,04:00,29-May-2015,04:15,Maharashtra,Navi Mumbai,Airoli, Navi Mumbai - MPCB,,,,,,80.55,,,,,135.13,35.27,,,25.24,2.08,,,,,,,,,,,,,20.79,28.97,,,,,,,,,
29-May-2015,04:15,29-May-2015,04:30,Maharashtra,Navi Mumbai,Airoli, Navi Mumbai - MPCB,,,,,,80.8,,,,,144.32,37.11,,,25.17,2.05,,,,,,,,,,,,,21.53,28.86,,,,,,,,,
29-May-2015,04:30,29-May-2015,04:45,Maharashtra,Navi Mumbai,Airoli, Navi Mumbai - MPCB,,,,,,81.04,,,,,133.53,34.95,,,25.28,2.05,,,,,,,,,,,,,21.04,28.81,,,,,,,,,
29-May-2015,04:45,29-May-2015,05:00,Maharashtra,Navi Mumbai,Airoli, Navi Mumbai - MPCB,,,,,,81.27,,,,,126.8,33.6,,,25.24,2.06,,,,,,,,,,,,,20.86,28.73,,,,,,,,,
29-May-2015,05:00,29-May-2015,05:15,Maharashtra,Navi Mumbai,Airoli, Navi Mumbai - MPCB,,,,,,81.01,,,,,123.07,32.86,,,25.23,2.04,,,,,,,,,,,,,21.43,28.79,,,,,,,,,
29-May-2015,05:15,29-May-2015,05:30,Maharashtra,Navi Mumbai,Airoli, Navi Mumbai - MPCB,,,,,,81.38,,,,,116.46,31.53,,,25.32,2.07,,,,,,,,,,,,,21.0,28.69,,,,,,,,,
29-May-2015,05:30,29-May-2015,05:45,Maharashtra,Navi Mumbai,Airoli, Navi Mumbai - MPCB,,,,,,81.73,,,,,113.69,30.98,,,25.27,2.04,,,,,,,,,,,,,21.24,28.61,,,,,,,,,
29-May-2015,05:45,29-May-2015,06:00,Maharashtra,Navi Mumbai,Airoli, Navi Mumbai - MPCB,,,,,,81.72,,,,,92.36,26.71,,,25.28,2.0,,,,,,,,,,,,,20.42,28.67,,,,,,,,,
29-May-2015,06:00,29-May-2015,06:15,Maharashtra,Navi Mumbai,Airoli, Navi Mumbai - MPCB,,,,,,81.69,,,,,68.6,21.96,,,25.37,2.02,,,,,,,,,,,,,19.72,28.76,,,,,,,,,
29-May-2015,06:15,29-May-2015,06:30,Maharashtra,Navi Mumbai,Airoli, Navi Mumbai - MPCB,,,,,,81.84,,,,,54.9,19.22,,,25.43,1.99,,,,,,,,,,,,,19.89,28.8,,,,,,,,,
29-May-2015,06:30,29-May-2015,06:45,Maharashtra,Navi Mumbai,Airoli, Navi Mumbai - MPCB,,,,,,81.73,0.01,,,,48.2,17.88,,,25.95,2.02,,,,,,,,,,,,,19.96,28.83,,,,,,,,,
29-May-2015,06:45,29-May-2015,07:00,Maharashtra,Navi Mumbai,Airoli, Navi Mumbai - MPCB,,,,,,81.18,12.88,,,,67.82,21.81,,,25.72,2.01,,,,,,,,,,,,,20.34,29.1,,,,,,,,,
29-May-2015,07:00,29-May-2015,07:15,Maharashtra,Navi Mumbai,Airoli, Navi Mumbai - MPCB,,,,,,80.18,54.48,,,,104.5,29.14,,,25.58,2.02,,,,,,,,,,,,,20.02,29.53,,,,,,,,,
29-May-2015,07:15,29-May-2015,07:30,Maharashtra,Navi Mumbai,Airoli, Navi Mumbai - MPCB,0.04,64.05,,,,76.59,98.56,,,,125.27,33.3,,,25.62,2.03,,,,,,,,,,,,,19.98,30.19,,,,,,,,,
29-May-2015,07:30,29-May-2015,07:45,Maharashtra,Navi Mumbai,Airoli, Navi Mumbai - MPCB,0.02,75.0,,,,72.78,155.63,,,,113.51,30.94,,,25.66,2.05,,,,,,,,,,,,,20.94,30.93,,,,,,,,,
29-May-2015,07:45,29-May-2015,08:00,Maharashtra,Navi Mumbai,Airoli, Navi Mumbai - MPCB,0.01,62.0,,,,69.99,159.18,,,,106.13,29.47,,,25.78,2.0,,,,,,,,,,,,,20.11,31.73,,,,,,,,,
29-May-2015,08:00,29-May-2015,08:15,Maharashtra,Navi Mumbai,Airoli, Navi Mumbai - MPCB,0.03,60.0,,,,68.74,165.41,,,,106.93,29.63,,,25.82,2.07,,,,,,,,,,,,,21.0,32.06,,,,,,,,,
29-May-2015,08:15,29-May-2015,08:30,Maharashtra,Navi Mumbai,Airoli, Navi Mumbai - MPCB,,,,,,68.56,138.29,,,,99.49,28.14,,,25.55,2.02,,,,,,,,,,,,,20.61,32.27,,,,,,,,,
29-May-2015,08:30,29-May-2015,08:45,Maharashtra,Navi Mumbai,Airoli, Navi Mumbai - MPCB,0.04,177.76,,,,69.15,72.6,,,,96.86,27.61,,,25.76,2.05,,,,,,,,,,,,,20.42,32.01,,,,,,,,,
29-May-2015,08:45,29-May-2015,09:00,Maharashtra,Navi Mumbai,Airoli, Navi Mumbai - MPCB,,,,,,70.15,88.76,,,,85.29,25.3,,,25.74,2.02,,,,,,,,,,,,,20.35,31.82,,,,,,,,,
29-May-2015,09:00,29-May-2015,09:15,Maharashtra,Navi Mumbai,Airoli, Navi Mumbai - MPCB,0.01,44.0,,,,69.57,119.22,,,,87.25,25.69,,,26.03,2.03,,,,,,,,,,,,,20.89,31.75,,,,,,,,,
29-May-2015,09:15,29-May-2015,09:30,Maharashtra,Navi Mumbai,Airoli, Navi Mumbai - MPCB,0.03,16.75,,,,68.26,208.61,,,,73.69,22.98,,,25.81,2.04,,,,,,,,,,,,,20.55,32.1,,,,,,,,,
29-May-2015,09:30,29-May-2015,09:45,Maharashtra,Navi Mumbai,Airoli, Navi Mumbai - MPCB,0.35,60.05,,,,64.72,426.67,,,,92.97,26.84,,,25.59,2.02,,,,,,,,,,,,,20.65,32.73,,,,,,,,,
29-May-2015,09:45,29-May-2015,10:00,Maharashtra,Navi Mumbai,Airoli, Navi Mumbai - MPCB,0.08,74.49,,,,63.35,325.61,,,,87.54,25.75,,,25.72,2.05,,,,,,,,,,,,,20.88,33.07,,,,,,,,,
29-May-2015,10:00,29-May-2015,10:15,Maharashtra,Navi Mumbai,Airoli, Navi Mumbai - MPCB,0.15,68.8,,,,60.28,425.97,,,,100.69,28.38,,,25.64,2.03,,,,,,,,,,,,,20.78,33.73,,,,,,,,,
29-May-2015,10:15,29-May-2015,10:30,Maharashtra,Navi Mumbai,Airoli, Navi Mumbai - MPCB,0.14,54.83,,,,57.26,626.54,,,,96.55,27.55,,,25.87,2.03,,,,,,,,,,,,,20.92,34.53,,,,,,,,,
29-May-2015,10:30,29-May-2015,10:45,Maharashtra,Navi Mumbai,Airoli, Navi Mumbai - MPCB,0.2,78.07,,,,56.19,607.15,,,,114.69,31.18,,,25.83,2.03,,,,,,,,,,,,,20.68,35.0,,,,,,,,,
29-May-2015,10:45,29-May-2015,11:00,Maharashtra,Navi Mumbai,Airoli, Navi Mumbai - MPCB,0.21,294.92,,,,56.17,699.42,,,,106.61,29.56,,,25.77,2.04,,,,,,,,,,,,,20.75,35.05,,,,,,,,,
29-May-2015,11:00,29-May-2015,11:15,Maharashtra,Navi Mumbai,Airoli, Navi Mumbai - MPCB,0.03,191.54,,,,55.59,722.75,,,,112.73,30.79,,,25.54,2.06,,,,,,,,,,,,,20.55,35.09,,,,,,,,,
29-May-2015,11:15,29-May-2015,11:30,Maharashtra,Navi Mumbai,Airoli, Navi Mumbai - MPCB,0.12,289.23,,,,55.58,760.34,,,,103.65,28.97,,,26.94,1.99,,,,,,,,,,,,,19.67,34.94,,,,,,,,,
29-May-2015,11:30,29-May-2015,11:45,Maharashtra,Navi Mumbai,Airoli, Navi Mumbai - MPCB,0.55,227.62,,,,55.12,769.52,,,,96.76,27.59,,,27.39,2.04,,,,,,,,,,,,,19.6,35.38,,,,,,,,,
29-May-2015,11:45,29-May-2015,12:00,Maharashtra,Navi Mumbai,Airoli, Navi Mumbai - MPCB,0.2,206.67,,,,52.97,749.6,,,,47.39,17.72,,,26.02,2.0,,,,,,,,,,,,,19.92,36.42,,,,,,,,,
29-May-2015,12:00,29-May-2015,12:15,Maharashtra,Navi Mumbai,Airoli, Navi Mumbai - MPCB,0.14,336.45,,,,53.99,725.57,,,,4.22,7.7,,,25.93,2.01,,,,,,,,,,,,,20.49,36.32,,,,,,,,,
29-May-2015,12:15,29-May-2015,12:30,Maharashtra,Navi Mumbai,Airoli, Navi Mumbai - MPCB,0.36,293.6,,,,53.67,826.27,,,,330.3,74.3,,,25.95,2.04,,,,,,,,,,,,,20.3,36.45,,,,,,,,,
29-May-2015,12:30,29-May-2015,12:45,Maharashtra,Navi Mumbai,Airoli, Navi Mumbai - MPCB,0.59,263.87,,,,54.78,780.47,,,,638.46,136.85,,,25.75,2.04,,,,,,,,,,,,,21.02,36.31,,,,,,,,,
29-May-2015,12:45,29-May-2015,13:00,Maharashtra,Navi Mumbai,Airoli, Navi Mumbai - MPCB,1.13,278.4,,,,57.49,822.46,,,,704.31,149.1,,,25.88,2.02,,,,,,,,,,,,,21.75,36.09,,,,,,,,,
29-May-2015,13:00,29-May-2015,13:15,Maharashtra,Navi Mumbai,Airoli, Navi Mumbai - MPCB,0.99,250.84,,,,56.89,769.93,,,,116.88,31.62,,,25.85,2.02,,,,,,,,,,,,,20.99,36.4,,,,,,,,,
29-May-2015,13:15,29-May-2015,13:30,Maharashtra,Navi Mumbai,Airoli, Navi Mumbai - MPCB,0.99,198.26,,,,54.95,716.64,,,,98.28,27.9,,,26.02,2.04,,,,,,,,,,,,,21.15,37.13,,,,,,,,,
29-May-2015,13:30,29-May-2015,13:45,Maharashtra,Navi Mumbai,Airoli, Navi Mumbai - MPCB,0.88,189.11,,,,55.17,644.76,,,,87.36,25.71,,,25.87,2.02,,,,,,,,,,,,,20.33,37.1,,,,,,,,,
29-May-2015,13:45,29-May-2015,14:00,Maharashtra,Navi Mumbai,Airoli, Navi Mumbai - MPCB,0.79,228.76,,,,55.94,618.15,,,,69.04,22.05,,,26.15,2.04,,,,,,,,,,,,,20.76,36.71,,,,,,,,,
29-May-2015,14:00,29-May-2015,14:15,Maharashtra,Navi Mumbai,Airoli, Navi Mumbai - MPCB,0.6,262.66,,,,56.16,655.58,,,,73.49,22.94,,,26.03,2.03,,,,,,,,,,,,,20.92,36.44,,,,,,,,,
29-May-2015,14:15,29-May-2015,14:30,Maharashtra,Navi Mumbai,Airoli, Navi Mumbai - MPCB,0.65,210.57,,,,54.66,608.06,,,,92.46,26.73,,,26.0,2.01,,,,,,,,,,,,,20.47,36.95,,,,,,,,,
29-May-2015,14:30,29-May-2015,14:45,Maharashtra,Navi Mumbai,Airoli, Navi Mumbai - MPCB,0.68,250.04,,,,56.22,496.99,,,,69.09,22.06,,,25.91,2.03,,,,,,,,,,,,,21.04,36.34,,,,,,,,,
29-May-2015,14:45,29-May-2015,15:00,Maharashtra,Navi Mumbai,Airoli, Navi Mumbai - MPCB,0.49,278.07,,,,56.45,341.31,,,,50.97,18.44,,,25.99,2.03,,,,,,,,,,,,,21.24,36.5,,,,,,,,,
29-May-2015,15:00,29-May-2015,15:15,Maharashtra,Navi Mumbai,Airoli, Navi Mumbai - MPCB,0.12,235.82,,,,57.47,296.45,,,,54.46,19.13,,,26.19,2.05,,,,,,,,,,,,,20.46,36.28,,,,,,,,,
29-May-2015,15:15,29-May-2015,15:30,Maharashtra,Navi Mumbai,Airoli, Navi Mumbai - MPCB,0.71,251.82,,,,59.21,298.94,,,,61.93,20.63,,,25.97,2.05,,,,,,,,,,,,,21.05,35.82,,,,,,,,,
29-May-2015,15:30,29-May-2015,15:45,Maharashtra,Navi Mumbai,Airoli, Navi Mumbai - MPCB,1.31,238.72,,,,60.5,175.41,,,,59.54,20.15,,,25.84,2.04,,,,,,,,,,,,,21.67,35.34,,,,,,,,,
29-May-2015,15:45,29-May-2015,16:00,Maharashtra,Navi Mumbai,Airoli, Navi Mumbai - MPCB,0.9,234.99,,,,60.66,173.3,,,,63.19,20.88,,,26.28,2.07,,,,,,,,,,,,,21.39,35.19,,,,,,,,,
29-May-2015,16:00,29-May-2015,16:15,Maharashtra,Navi Mumbai,Airoli, Navi Mumbai - MPCB,0.86,205.76,,,,62.02,150.45,,,,70.57,22.36,,,26.31,2.07,,,,,,,,,,,,,21.12,34.79,,,,,,,,,
29-May-2015,16:15,29-May-2015,16:30,Maharashtra,Navi Mumbai,Airoli, Navi Mumbai - MPCB,0.81,246.82,,,,61.51,104.77,,,,28.31,13.9,,,26.15,2.04,,,,,,,,,,,,,21.56,34.63,,,,,,,,,
29-May-2015,16:30,29-May-2015,16:45,Maharashtra,Navi Mumbai,Airoli, Navi Mumbai - MPCB,0.53,229.0,,,,62.18,90.99,,,,43.08,15.45,,,25.91,2.03,,,,,,,,,,,,,20.54,34.51,,,,,,,,,
29-May-2015,16:45,29-May-2015,17:00,Maharashtra,Navi Mumbai,Airoli, Navi Mumbai - MPCB,0.43,190.21,,,,62.45,79.85,,,,573.19,122.88,,,26.21,2.06,,,,,,,,,,,,,21.09,34.6,,,,,,,,,
29-May-2015,17:00,29-May-2015,17:15,Maharashtra,Navi Mumbai,Airoli, Navi Mumbai - MPCB,0.61,251.32,,,,63.48,74.94,,,,986.3,205.82,,,25.94,2.07,,,,,,,,,,,,,21.36,34.17,,,,,,,,,
29-May-2015,17:15,29-May-2015,17:30,Maharashtra,Navi Mumbai,Airoli, Navi Mumbai - MPCB,0.28,228.2,,,,64.59,58.93,,,,1493.84,307.01,,,26.09,2.08,,,,,,,,,,,,,21.07,33.83,,,,,,,,,
29-May-2015,17:30,29-May-2015,17:45,Maharashtra,Navi Mumbai,Airoli, Navi Mumbai - MPCB,0.67,206.48,,,,65.66,65.55,,,,1154.25,239.09,,,26.3,2.07,,,,,,,,,,,,,20.69,33.51,,,,,,,,,
29-May-2015,17:45,29-May-2015,18:00,Maharashtra,Navi Mumbai,Airoli, Navi Mumbai - MPCB,0.16,137.82,,,,65.58,38.17,,,,704.3,149.1,,,26.13,2.04,,,,,,,,,,,,,21.15,33.53,,,,,,,,,
29-May-2015,18:00,29-May-2015,18:15,Maharashtra,Navi Mumbai,Airoli, Navi Mumbai - MPCB,0.37,274.05,,,,65.56,28.32,,,,1.03,9.13,,,26.02,2.05,,,,,,,,,,,,,21.24,33.33,,,,,,,,,
29-May-2015,18:15,29-May-2015,18:30,Maharashtra,Navi Mumbai,Airoli, Navi Mumbai - MPCB,0.5,212.15,,,,66.66,19.6,,,,,6.38,,,26.17,2.06,,,,,,,,,,,,,20.74,33.06,,,,,,,,,
29-May-2015,18:30,29-May-2015,18:45,Maharashtra,Navi Mumbai,Airoli, Navi Mumbai - MPCB,0.41,212.42,,,,67.44,9.98,,,,19.19,11.65,,,26.0,2.08,,,,,,,,,,,,,21.15,32.93,,,,,,,,,
29-May-2015,18:45,29-May-2015,19:00,Maharashtra,Navi Mumbai,Airoli, Navi Mumbai - MPCB,0.69,238.31,,,,68.9,3.11,,,,101.78,28.6,,,26.21,2.09,,,,,,,,,,,,,21.79,32.52,,,,,,,,,
29-May-2015,19:00,29-May-2015,19:15,Maharashtra,Navi Mumbai,Airoli, Navi Mumbai - MPCB,0.33,234.0,,,,69.52,,,,,140.36,36.31,,,26.24,2.09,,,,,,,,,,,,,21.96,32.24,,,,,,,,,
29-May-2015,19:15,29-May-2015,19:30,Maharashtra,Navi Mumbai,Airoli, Navi Mumbai - MPCB,0.47,219.68,,,,70.79,,,,,133.05,34.85,,,26.34,2.1,,,,,,,,,,,,,22.58,32.07,,,,,,,,,
29-May-2015,19:30,29-May-2015,19:45,Maharashtra,Navi Mumbai,Airoli, Navi Mumbai - MPCB,0.46,239.33,,,,71.37,,,,,124.87,33.22,,,26.14,2.11,,,,,,,,,,,,,23.51,31.85,,,,,,,,,
29-May-2015,19:45,29-May-2015,20:00,Maharashtra,Navi Mumbai,Airoli, Navi Mumbai - MPCB,0.19,251.42,,,,71.19,,,,,115.21,31.28,,,26.19,2.14,,,,,,,,,,,,,22.73,31.65,,,,,,,,,
29-May-2015,20:00,29-May-2015,20:15,Maharashtra,Navi Mumbai,Airoli, Navi Mumbai - MPCB,0.1,159.25,,,,71.67,,,,,115.84,31.41,,,25.94,2.15,,,,,,,,,,,,,22.99,31.58,,,,,,,,,
29-May-2015,20:15,29-May-2015,20:30,Maharashtra,Navi Mumbai,Airoli, Navi Mumbai - MPCB,0.06,188.49,,,,72.03,,,,,102.25,28.69,,,25.99,2.13,,,,,,,,,,,,,23.17,31.47,,,,,,,,,
29-May-2015,20:30,29-May-2015,20:45,Maharashtra,Navi Mumbai,Airoli, Navi Mumbai - MPCB,0.2,198.83,,,,71.59,,,,,110.47,30.34,,,25.76,2.13,,,,,,,,,,,,,23.12,31.39,,,,,,,,,
29-May-2015,20:45,29-May-2015,21:00,Maharashtra,Navi Mumbai,Airoli, Navi Mumbai - MPCB,0.02,116.53,,,,72.09,,,,,127.38,33.72,,,25.81,2.14,,,,,,,,,,,,,23.82,31.43,,,,,,,,,
29-May-2015,21:00,29-May-2015,21:15,Maharashtra,Navi Mumbai,Airoli, Navi Mumbai - MPCB,0.11,193.13,,,,71.85,,,,,150.43,38.33,,,25.62,2.14,,,,,,,,,,,,,23.61,31.31,,,,,,,,,
29-May-2015,21:15,29-May-2015,21:30,Maharashtra,Navi Mumbai,Airoli, Navi Mumbai - MPCB,0.33,211.87,,,,72.61,,,,,160.96,40.43,,,25.49,2.15,,,,,,,,,,,,,23.63,31.35,,,,,,,,,
29-May-2015,21:30,29-May-2015,21:45,Maharashtra,Navi Mumbai,Airoli, Navi Mumbai - MPCB,0.26,213.5,,,,72.74,,,,,162.42,40.73,,,25.72,2.18,,,,,,,,,,,,,22.77,31.41,,,,,,,,,
29-May-2015,21:45,29-May-2015,22:00,Maharashtra,Navi Mumbai,Airoli, Navi Mumbai - MPCB,0.15,307.08,,,,72.28,,,,,156.18,39.48,,,25.65,2.17,,,,,,,,,,,,,23.13,31.41,,,,,,,,,
29-May-2015,22:00,29-May-2015,22:15,Maharashtra,Navi Mumbai,Airoli, Navi Mumbai - MPCB,0.12,192.07,,,,72.35,,,,,140.72,36.39,,,25.29,2.19,,,,,,,,,,,,,22.58,31.39,,,,,,,,,
29-May-2015,22:15,29-May-2015,22:30,Maharashtra,Navi Mumbai,Airoli, Navi Mumbai - MPCB,0.02,212.28,,,,73.32,,,,,126.61,33.56,,,25.34,2.21,,,,,,,,,,,,,23.87,31.19,,,,,,,,,
29-May-2015,22:30,29-May-2015,22:45,Maharashtra,Navi Mumbai,Airoli, Navi Mumbai - MPCB,0.07,258.93,,,,74.18,,,,,113.52,30.95,,,25.32,2.15,,,,,,,,,,,,,23.07,31.21,,,,,,,,,
29-May-2015,22:45,29-May-2015,23:00,Maharashtra,Navi Mumbai,Airoli, Navi Mumbai - MPCB,0.01,268.0,,,,74.61,,,,,106.04,29.45,,,25.45,2.16,,,,,,,,,,,,,23.29,31.13,,,,,,,,,
29-May-2015,23:00,29-May-2015,23:15,Maharashtra,Navi Mumbai,Airoli, Navi Mumbai - MPCB,0.01,128.5,,,,73.84,,,,,108.8,30.0,,,25.44,2.16,,,,,,,,,,,,,22.66,31.11,,,,,,,,,
29-May-2015,23:15,29-May-2015,23:30,Maharashtra,Navi Mumbai,Airoli, Navi Mumbai - MPCB,0.01,235.0,,,,74.11,,,,,114.66,31.17,,,25.17,2.14,,,,,,,,,,,,,23.17,31.09,,,,,,,,,
29-May-2015,23:30,29-May-2015,23:45,Maharashtra,Navi Mumbai,Airoli, Navi Mumbai - MPCB,0.01,53.12,,,,74.27,,,,,114.08,31.06,,,25.47,2.2,,,,,,,,,,,,,22.66,30.92,,,,,,,,,
29-May-2015,23:45,30-May-2015,00:00,Maharashtra,Navi Mumbai,Airoli, Navi Mumbai - MPCB,0.05,217.53,,,,74.33,,,,,110.66,30.37,,,25.34,2.13,,,,,,,,,,,,,22.43,31.1,,,,,,,,,
30-May-2015,00:00,30-May-2015,00:15,Maharashtra,Navi Mumbai,Airoli, Navi Mumbai - MPCB,,,,,,75.04,,,,,111.39,30.52,,,25.39,2.2,,,,,,,,,,,,,22.04,30.85,,,,,,,,,
30-May-2015,00:15,30-May-2015,00:30,Maharashtra,Navi Mumbai,Airoli, Navi Mumbai - MPCB,,,,,,75.88,,,,,120.02,32.25,,,25.57,2.14,,,,,,,,,,,,,22.7,30.81,,,,,,,,,
30-May-2015,00:30,30-May-2015,00:45,Maharashtra,Navi Mumbai,Airoli, Navi Mumbai - MPCB,,,,,,76.24,,,,,128.41,33.92,,,25.33,2.16,,,,,,,,,,,,,22.21,30.63,,,,,,,,,
30-May-2015,00:45,30-May-2015,01:00,Maharashtra,Navi Mumbai,Airoli, Navi Mumbai - MPCB,0.05,202.27,,,,76.34,,,,,106.83,29.61,,,25.35,2.12,,,,,,,,,,,,,21.62,30.66,,,,,,,,,
30-May-2015,01:00,30-May-2015,01:15,Maharashtra,Navi Mumbai,Airoli, Navi Mumbai - MPCB,0.1,289.79,,,,75.11,,,,,43.48,16.94,,,25.52,2.12,,,,,,,,,,,,,21.65,30.87,,,,,,,,,
30-May-2015,01:15,30-May-2015,01:30,Maharashtra,Navi Mumbai,Airoli, Navi Mumbai - MPCB,0.05,254.36,,,,75.05,,,,,8.13,9.87,,,25.38,2.13,,,,,,,,,,,,,21.88,30.96,,,,,,,,,
30-May-2015,01:30,30-May-2015,01:45,Maharashtra,Navi Mumbai,Airoli, Navi Mumbai - MPCB,0.29,207.77,,,,74.81,,,,,1.88,8.44,,,25.64,2.11,,,,,,,,,,,,,21.84,31.0,,,,,,,,,
30-May-2015,01:45,30-May-2015,02:00,Maharashtra,Navi Mumbai,Airoli, Navi Mumbai - MPCB,0.06,246.93,,,,74.49,,,,,11.62,10.57,,,25.86,2.11,,,,,,,,,,,,,21.43,31.0,,,,,,,,,
30-May-2015,02:00,30-May-2015,02:15,Maharashtra,Navi Mumbai,Airoli, Navi Mumbai - MPCB,0.33,252.26,,,,74.18,,,,,6.1,9.43,,,25.84,2.1,,,,,,,,,,,,,21.72,30.96,,,,,,,,,
30-May-2015,02:15,30-May-2015,02:30,Maharashtra,Navi Mumbai,Airoli, Navi Mumbai - MPCB,0.23,304.23,,,,73.86,,,,,,5.63,,,25.87,2.13,,,,,,,,,,,,,21.81,30.96,,,,,,,,,
30-May-2015,02:30,30-May-2015,02:45,Maharashtra,Navi Mumbai,Airoli, Navi Mumbai - MPCB,0.45,253.45,,,,73.96,,,,,4.07,8.07,,,25.97,2.11,,,,,,,,,,,,,21.72,30.94,,,,,,,,,
30-May-2015,02:45,30-May-2015,03:00,Maharashtra,Navi Mumbai,Airoli, Navi Mumbai - MPCB,0.26,250.18,,,,74.18,,,,,38.47,15.94,,,25.93,2.14,,,,,,,,,,,,,21.37,30.99,,,,,,,,,
30-May-2015,03:00,30-May-2015,03:15,Maharashtra,Navi Mumbai,Airoli, Navi Mumbai - MPCB,0.24,233.58,,,,74.06,,,,,76.89,23.62,,,25.89,2.11,,,,,,,,,,,,,21.94,30.99,,,,,,,,,
30-May-2015,03:15,30-May-2015,03:30,Maharashtra,Navi Mumbai,Airoli, Navi Mumbai - MPCB,0.45,228.84,,,,74.37,,,,,85.91,25.42,,,25.85,2.15,,,,,,,,,,,,,21.61,31.01,,,,,,,,,
30-May-2015,03:30,30-May-2015,03:45,Maharashtra,Navi Mumbai,Airoli, Navi Mumbai - MPCB,0.38,223.44,,,,74.25,,,,,83.5,24.94,,,25.75,2.11,,,,,,,,,,,,,21.29,30.88,,,,,,,,,
30-May-2015,03:45,30-May-2015,04:00,Maharashtra,Navi Mumbai,Airoli, Navi Mumbai - MPCB,0.38,260.01,,,,75.17,,,,,93.73,26.99,,,26.09,2.09,,,,,,,,,,,,,21.98,30.91,,,,,,,,,
30-May-2015,04:00,30-May-2015,04:15,Maharashtra,Navi Mumbai,Airoli, Navi Mumbai - MPCB,0.35,258.53,,,,76.0,,,,,86.38,25.52,,,25.82,2.12,,,,,,,,,,,,,21.74,30.92,,,,,,,,,
30-May-2015,04:15,30-May-2015,04:30,Maharashtra,Navi Mumbai,Airoli, Navi Mumbai - MPCB,0.39,286.06,,,,76.29,,,,,85.09,25.26,,,25.88,2.14,,,,,,,,,,,,,21.59,30.9,,,,,,,,,
30-May-2015,04:30,30-May-2015,04:45,Maharashtra,Navi Mumbai,Airoli, Navi Mumbai - MPCB,0.4,265.66,,,,76.25,,,,,65.05,21.25,,,25.96,2.17,,,,,,,,,,,,,22.04,30.91,,,,,,,,,
30-May-2015,04:45,30-May-2015,05:00,Maharashtra,Navi Mumbai,Airoli, Navi Mumbai - MPCB,0.42,233.56,,,,76.27,,,,,57.24,19.69,,,25.92,2.14,,,,,,,,,,,,,21.29,30.77,,,,,,,,,
30-May-2015,05:00,30-May-2015,05:15,Maharashtra,Navi Mumbai,Airoli, Navi Mumbai - MPCB,0.43,231.77,,,,76.84,,,,,55.12,19.27,,,25.78,2.12,,,,,,,,,,,,,21.12,30.58,,,,,,,,,
30-May-2015,05:15,30-May-2015,05:30,Maharashtra,Navi Mumbai,Airoli, Navi Mumbai - MPCB,0.28,231.88,,,,77.28,,,,,68.72,21.99,,,25.89,2.13,,,,,,,,,,,,,21.82,30.61,,,,,,,,,
30-May-2015,05:30,30-May-2015,05:45,Maharashtra,Navi Mumbai,Airoli, Navi Mumbai - MPCB,0.04,266.11,,,,77.59,,,,,86.42,25.53,,,25.99,2.13,,,,,,,,,,,,,21.69,30.72,,,,,,,,,
30-May-2015,05:45,30-May-2015,06:00,Maharashtra,Navi Mumbai,Airoli, Navi Mumbai - MPCB,0.1,188.12,,,,77.31,,,,,87.94,25.83,,,25.8,2.12,,,,,,,,,,,,,21.84,30.62,,,,,,,,,
30-May-2015,06:00,30-May-2015,06:15,Maharashtra,Navi Mumbai,Airoli, Navi Mumbai - MPCB,,,,,,77.46,,,,,94.16,27.07,,,25.9,2.15,,,,,,,,,,,,,21.5,30.68,,,,,,,,,
30-May-2015,06:15,30-May-2015,06:30,Maharashtra,Navi Mumbai,Airoli, Navi Mumbai - MPCB,,,,,,77.56,,,,,97.24,27.69,,,25.89,2.12,,,,,,,,,,,,,20.87,30.68,,,,,,,,,
30-May-2015,06:30,30-May-2015,06:45,Maharashtra,Navi Mumbai,Airoli, Navi Mumbai - MPCB,,,,,,77.79,0.41,,,,82.58,24.76,,,25.7,2.15,,,,,,,,,,,,,21.03,30.63,,,,,,,,,
30-May-2015,06:45,30-May-2015,07:00,Maharashtra,Navi Mumbai,Airoli, Navi Mumbai - MPCB,0.01,163.0,,,,77.27,7.49,,,,77.57,23.76,,,25.61,2.12,,,,,,,,,,,,,20.89,30.64,,,,,,,,,
30-May-2015,07:00,30-May-2015,07:15,Maharashtra,Navi Mumbai,Airoli, Navi Mumbai - MPCB,,,,,,75.95,13.5,,,,101.87,28.62,,,25.78,2.13,,,,,,,,,,,,,21.05,30.71,,,,,,,,,
30-May-2015,07:15,30-May-2015,07:30,Maharashtra,Navi Mumbai,Airoli, Navi Mumbai - MPCB,,,,,,75.01,59.26,,,,131.76,34.59,,,25.82,2.14,,,,,,,,,,,,,21.82,31.02,,,,,,,,,
30-May-2015,07:30,30-May-2015,07:45,Maharashtra,Navi Mumbai,Airoli, Navi Mumbai - MPCB,0.02,78.0,,,,73.67,58.88,,,,134.61,35.16,,,25.79,2.19,,,,,,,,,,,,,22.08,31.4,,,,,,,,,
30-May-2015,07:45,30-May-2015,08:00,Maharashtra,Navi Mumbai,Airoli, Navi Mumbai - MPCB,0.03,221.39,,,,72.98,87.27,,,,133.94,35.03,,,25.61,2.13,,,,,,,,,,,,,22.01,31.71,,,,,,,,,
30-May-2015,08:00,30-May-2015,08:15,Maharashtra,Navi Mumbai,Airoli, Navi Mumbai - MPCB,0.05,260.43,,,,71.81,202.9,,,,156.3,39.5,,,25.5,2.14,,,,,,,,,,,,,21.98,31.71,,,,,,,,,
30-May-2015,08:15,30-May-2015,08:30,Maharashtra,Navi Mumbai,Airoli, Navi Mumbai - MPCB,0.13,199.82,,,,70.35,140.61,,,,163.55,40.95,,,25.69,2.15,,,,,,,,,,,,,22.56,32.02,,,,,,,,,
30-May-2015,08:30,30-May-2015,08:45,Maharashtra,Navi Mumbai,Airoli, Navi Mumbai - MPCB,0.03,211.1,,,,70.28,196.82,,,,129.5,34.14,,,25.64,2.18,,,,,,,,,,,,,21.64,32.29,,,,,,,,,
30-May-2015,08:45,30-May-2015,09:00,Maharashtra,Navi Mumbai,Airoli, Navi Mumbai - MPCB,0.01,26.94,,,,68.83,261.3,,,,95.73,27.39,,,25.52,2.17,,,,,,,,,,,,,22.15,32.6,,,,,,,,,
30-May-2015,09:00,30-May-2015,09:15,Maharashtra,Navi Mumbai,Airoli, Navi Mumbai - MPCB,0.09,176.43,,,,66.92,284.82,,,,85.67,25.38,,,25.27,2.18,,,,,,,,,,,,,22.37,33.07,,,,,,,,,
30-May-2015,09:15,30-May-2015,09:30,Maharashtra,Navi Mumbai,Airoli, Navi Mumbai - MPCB,0.09,225.2,,,,66.91,247.23,,,,100.07,28.26,,,25.28,2.12,,,,,,,,,,,,,21.95,32.7,,,,,,,,,
30-May-2015,09:30,30-May-2015,09:45,Maharashtra,Navi Mumbai,Airoli, Navi Mumbai - MPCB,0.04,198.0,,,,66.21,321.95,,,,99.37,28.12,,,25.32,2.16,,,,,,,,,,,,,21.99,32.96,,,,,,,,,
30-May-2015,09:45,30-May-2015,10:00,Maharashtra,Navi Mumbai,Airoli, Navi Mumbai - MPCB,0.04,197.0,,,,64.23,277.05,,,,99.79,28.2,,,25.52,2.2,,,,,,,,,,,,,21.9,33.47,,,,,,,,,
30-May-2015,10:00,30-May-2015,10:15,Maharashtra,Navi Mumbai,Airoli, Navi Mumbai - MPCB,0.2,180.35,,,,63.37,365.43,,,,106.24,29.49,,,25.15,2.19,,,,,,,,,,,,,22.13,33.54,,,,,,,,,
30-May-2015,10:15,30-May-2015,10:30,Maharashtra,Navi Mumbai,Airoli, Navi Mumbai - MPCB,0.06,24.92,,,,59.8,334.19,,,,82.73,24.79,,,25.32,2.18,,,,,,,,,,,,,22.09,34.04,,,,,,,,,
30-May-2015,10:30,30-May-2015,10:45,Maharashtra,Navi Mumbai,Airoli, Navi Mumbai - MPCB,0.18,261.41,,,,59.8,449.07,,,,60.5,17.55,,,25.28,2.18,,,,,,,,,,,,,21.38,33.88,,,,,,,,,
30-May-2015,10:45,30-May-2015,11:00,Maharashtra,Navi Mumbai,Airoli, Navi Mumbai - MPCB,0.07,225.84,,,,59.35,642.42,,,,62.29,20.7,,,25.35,2.16,,,,,,,,,,,,,20.92,34.21,,,,,,,,,
30-May-2015,11:00,30-May-2015,11:15,Maharashtra,Navi Mumbai,Airoli, Navi Mumbai - MPCB,0.09,230.36,,,,53.52,781.88,,,,121.71,32.58,,,25.6,2.14,,,,,,,,,,,,,20.56,35.35,,,,,,,,,
30-May-2015,11:15,30-May-2015,11:30,Maharashtra,Navi Mumbai,Airoli, Navi Mumbai - MPCB,0.26,33.66,,,,50.16,864.59,,,,74.77,23.19,,,25.72,2.12,,,,,,,,,,,,,20.66,36.49,,,,,,,,,
30-May-2015,11:30,30-May-2015,11:45,Maharashtra,Navi Mumbai,Airoli, Navi Mumbai - MPCB,0.21,20.91,,,,48.58,795.91,,,,59.54,20.15,,,25.64,2.11,,,,,,,,,,,,,20.77,37.5,,,,,,,,,
30-May-2015,11:45,30-May-2015,12:00,Maharashtra,Navi Mumbai,Airoli, Navi Mumbai - MPCB,0.22,49.17,,,,51.66,541.36,,,,59.54,20.15,,,25.61,2.09,,,,,,,,,,,,,20.92,36.83,,,,,,,,,
30-May-2015,12:00,30-May-2015,12:15,Maharashtra,Navi Mumbai,Airoli, Navi Mumbai - MPCB,0.23,278.41,,,,53.33,456.47,,,,59.54,20.15,,,25.32,2.07,,,,,,,,,,,,,20.91,36.25,,,,,,,,,
30-May-2015,12:15,30-May-2015,12:30,Maharashtra,Navi Mumbai,Airoli, Navi Mumbai - MPCB,0.34,244.52,,,,54.2,570.51,,,,59.54,20.15,,,25.71,2.08,,,,,,,,,,,,,20.43,36.03,,,,,,,,,
30-May-2015,12:30,30-May-2015,12:45,Maharashtra,Navi Mumbai,Airoli, Navi Mumbai - MPCB,0.51,245.93,,,,54.94,366.27,,,,59.54,20.15,,,25.4,2.04,,,,,,,,,,,,,20.3,36.23,,,,,,,,,
30-May-2015,12:45,30-May-2015,13:00,Maharashtra,Navi Mumbai,Airoli, Navi Mumbai - MPCB,0.97,218.68,,,,57.33,192.36,,,,59.54,20.15,,,25.73,2.07,,,,,,,,,,,,,20.47,35.46,,,,,,,,,
30-May-2015,13:00,30-May-2015,13:15,Maharashtra,Navi Mumbai,Airoli, Navi Mumbai - MPCB,0.45,265.41,,,,58.46,178.91,,,,59.54,20.15,,,25.93,2.04,,,,,,,,,,,,,20.29,35.21,,,,,,,,,
30-May-2015,13:15,30-May-2015,13:30,Maharashtra,Navi Mumbai,Airoli, Navi Mumbai - MPCB,0.5,220.37,,,,59.54,208.04,,,,64.69,21.18,,,25.96,2.09,,,,,,,,,,,,,19.89,34.86,,,,,,,,,
30-May-2015,13:30,30-May-2015,13:45,Maharashtra,Navi Mumbai,Airoli, Navi Mumbai - MPCB,0.04,321.67,,,,58.25,219.05,,,,84.52,25.15,,,26.13,2.14,,,,,,,,,,,,,20.37,35.09,,,,,,,,,
30-May-2015,13:45,30-May-2015,14:00,Maharashtra,Navi Mumbai,Airoli, Navi Mumbai - MPCB,0.08,225.52,,,,58.24,175.11,,,,69.99,22.24,,,25.87,2.16,,,,,,,,,,,,,19.57,34.98,,,,,,,,,
30-May-2015,14:00,30-May-2015,14:15,Maharashtra,Navi Mumbai,Airoli, Navi Mumbai - MPCB,0.38,205.52,,,,59.02,88.41,,,,3.99,4.07,,,26.32,2.17,,,,,,,,,,,,,20.43,34.4,,,,,,,,,
30-May-2015,14:15,30-May-2015,14:30,Maharashtra,Navi Mumbai,Airoli, Navi Mumbai - MPCB,0.26,198.92,,,,60.12,69.62,,,,,,,,26.19,2.19,,,,,,,,,,,,,20.81,34.08,,,,,,,,,
30-May-2015,14:30,30-May-2015,14:45,Maharashtra,Navi Mumbai,Airoli, Navi Mumbai - MPCB,0.06,171.16,,,,60.09,65.96,,,,,,,,26.12,2.21,,,,,,,,,,,,,20.37,33.91,,,,,,,,,
30-May-2015,14:45,30-May-2015,15:00,Maharashtra,Navi Mumbai,Airoli, Navi Mumbai - MPCB,0.1,230.46,,,,59.76,62.0,,,,,0.29,,,26.19,2.2,,,,,,,,,,,,,21.1,33.92,,,,,,,,,
30-May-2015,15:00,30-May-2015,15:15,Maharashtra,Navi Mumbai,Airoli, Navi Mumbai - MPCB,0.11,196.69,,,,60.41,58.07,,,,,5.1,,,25.84,2.2,,,,,,,,,,,,,20.61,33.86,,,,,,,,,
30-May-2015,15:15,30-May-2015,15:30,Maharashtra,Navi Mumbai,Airoli, Navi Mumbai - MPCB,0.01,226.62,,,,61.47,72.64,,,,3.19,8.83,,,25.6,2.22,,,,,,,,,,,,,20.63,33.81,,,,,,,,,
30-May-2015,15:30,30-May-2015,15:45,Maharashtra,Navi Mumbai,Airoli, Navi Mumbai - MPCB,0.07,212.48,,,,62.1,82.16,,,,12.91,10.82,,,25.76,2.24,,,,,,,,,,,,,20.25,33.94,,,,,,,,,
30-May-2015,15:45,30-May-2015,16:00,Maharashtra,Navi Mumbai,Airoli, Navi Mumbai - MPCB,0.09,268.16,,,,61.44,82.82,,,,33.51,14.94,,,25.73,2.24,,,,,,,,,,,,,20.11,33.97,,,,,,,,,
30-May-2015,16:00,30-May-2015,16:15,Maharashtra,Navi Mumbai,Airoli, Navi Mumbai - MPCB,0.04,218.93,,,,62.15,71.97,,,,33.82,15.01,,,26.01,2.23,,,,,,,,,,,,,20.32,33.78,,,,,,,,,
30-May-2015,16:15,30-May-2015,16:30,Maharashtra,Navi Mumbai,Airoli, Navi Mumbai - MPCB,0.13,261.9,,,,63.23,85.34,,,,36.89,15.62,,,25.81,2.23,,,,,,,,,,,,,21.24,33.69,,,,,,,,,
30-May-2015,16:30,30-May-2015,16:45,Maharashtra,Navi Mumbai,Airoli, Navi Mumbai - MPCB,0.17,225.08,,,,64.82,88.57,,,,35.06,15.25,,,25.94,2.23,,,,,,,,,,,,,20.25,33.6,,,,,,,,,
30-May-2015,16:45,30-May-2015,17:00,Maharashtra,Navi Mumbai,Airoli, Navi Mumbai - MPCB,0.03,229.49,,,,64.68,111.19,,,,35.75,15.39,,,25.76,2.2,,,,,,,,,,,,,20.49,33.7,,,,,,,,,
30-May-2015,17:00,30-May-2015,17:15,Maharashtra,Navi Mumbai,Airoli, Navi Mumbai - MPCB,0.06,15.29,,,,63.76,92.58,,,,40.46,16.33,,,25.67,2.21,,,,,,,,,,,,,20.15,33.77,,,,,,,,,
30-May-2015,17:15,30-May-2015,17:30,Maharashtra,Navi Mumbai,Airoli, Navi Mumbai - MPCB,0.05,311.01,,,,62.3,103.35,,,,58.78,19.72,,,25.71,2.23,,,,,,,,,,,,,20.04,33.86,,,,,,,,,
30-May-2015,17:30,30-May-2015,17:45,Maharashtra,Navi Mumbai,Airoli, Navi Mumbai - MPCB,0.01,225.92,,,,61.09,105.95,,,,115.08,31.26,,,25.67,2.28,,,,,,,,,,,,,20.34,33.99,,,,,,,,,
30-May-2015,17:45,30-May-2015,18:00,Maharashtra,Navi Mumbai,Airoli, Navi Mumbai - MPCB,0.02,17.0,,,,61.44,69.89,,,,133.44,34.93,,,26.12,2.26,,,,,,,,,,,,,20.68,34.01,,,,,,,,,
30-May-2015,18:00,30-May-2015,18:15,Maharashtra,Navi Mumbai,Airoli, Navi Mumbai - MPCB,0.02,37.0,,,,62.02,46.64,,,,122.95,32.83,,,25.99,2.3,,,,,,,,,,,,,20.69,33.81,,,,,,,,,
30-May-2015,18:15,30-May-2015,18:30,Maharashtra,Navi Mumbai,Airoli, Navi Mumbai - MPCB,0.05,67.23,,,,61.95,35.75,,,,82.03,24.65,,,25.63,2.3,,,,,,,,,,,,,20.32,33.77,,,,,,,,,
30-May-2015,18:30,30-May-2015,18:45,Maharashtra,Navi Mumbai,Airoli, Navi Mumbai - MPCB,0.01,43.0,,,,62.02,20.58,,,,69.28,22.1,,,25.63,2.27,,,,,,,,,,,,,20.29,33.66,,,,,,,,,
30-May-2015,18:45,30-May-2015,19:00,Maharashtra,Navi Mumbai,Airoli, Navi Mumbai - MPCB,0.33,52.12,,,,64.02,1.31,,,,54.64,19.17,,,25.85,2.29,,,,,,,,,,,,,19.78,33.31,,,,,,,,,
30-May-2015,19:00,30-May-2015,19:15,Maharashtra,Navi Mumbai,Airoli, Navi Mumbai - MPCB,0.4,36.02,,,,67.37,,,,,39.52,16.15,,,25.55,2.3,,,,,,,,,,,,,20.21,32.88,,,,,,,,,
30-May-2015,19:15,30-May-2015,19:30,Maharashtra,Navi Mumbai,Airoli, Navi Mumbai - MPCB,0.13,17.5,,,,67.8,,,,,41.08,16.46,,,25.87,2.28,,,,,,,,,,,,,19.92,32.62,,,,,,,,,
30-May-2015,19:30,30-May-2015,19:45,Maharashtra,Navi Mumbai,Airoli, Navi Mumbai - MPCB,0.2,38.82,,,,68.75,,,,,64.74,21.19,,,25.66,2.24,,,,,,,,,,,,,20.11,32.49,,,,,,,,,
30-May-2015,19:45,30-May-2015,20:00,Maharashtra,Navi Mumbai,Airoli, Navi Mumbai - MPCB,0.14,26.81,,,,69.61,,,,,84.32,25.11,,,25.71,2.26,,,,,,,,,,,,,20.2,32.34,,,,,,,,,
30-May-2015,20:00,30-May-2015,20:15,Maharashtra,Navi Mumbai,Airoli, Navi Mumbai - MPCB,0.3,31.93,,,,70.05,,,,,85.55,25.35,,,25.91,2.27,,,,,,,,,,,,,20.92,32.19,,,,,,,,,
30-May-2015,20:15,30-May-2015,20:30,Maharashtra,Navi Mumbai,Airoli, Navi Mumbai - MPCB,0.04,355.21,,,,70.0,,,,,69.88,22.22,,,26.14,2.31,,,,,,,,,,,,,21.07,32.08,,,,,,,,,
30-May-2015,20:30,30-May-2015,20:45,Maharashtra,Navi Mumbai,Airoli, Navi Mumbai - MPCB,0.04,7.17,,,,70.43,,,,,63.91,21.02,,,25.73,2.29,,,,,,,,,,,,,21.06,32.03,,,,,,,,,
30-May-2015,20:45,30-May-2015,21:00,Maharashtra,Navi Mumbai,Airoli, Navi Mumbai - MPCB,,,,,,71.27,,,,,59.75,20.19,,,26.03,2.28,,,,,,,,,,,,,20.84,31.81,,,,,,,,,
30-May-2015,21:00,30-May-2015,21:15,Maharashtra,Navi Mumbai,Airoli, Navi Mumbai - MPCB,0.01,172.0,,,,71.77,,,,,63.92,21.03,,,25.81,2.29,,,,,,,,,,,,,20.33,31.72,,,,,,,,,
30-May-2015,21:15,30-May-2015,21:30,Maharashtra,Navi Mumbai,Airoli, Navi Mumbai - MPCB,0.03,175.1,,,,71.54,,,,,70.19,22.28,,,25.87,2.28,,,,,,,,,,,,,20.88,31.85,,,,,,,,,
30-May-2015,21:30,30-May-2015,21:45,Maharashtra,Navi Mumbai,Airoli, Navi Mumbai - MPCB,0.02,194.0,,,,71.76,,,,,73.99,23.04,,,25.86,2.25,,,,,,,,,,,,,20.84,31.63,,,,,,,,,
30-May-2015,21:45,30-May-2015,22:00,Maharashtra,Navi Mumbai,Airoli, Navi Mumbai - MPCB,,,,,,73.02,,,,,70.14,22.27,,,25.79,2.27,,,,,,,,,,,,,21.2,31.48,,,,,,,,,
30-May-2015,22:00,30-May-2015,22:15,Maharashtra,Navi Mumbai,Airoli, Navi Mumbai - MPCB,,,,,,73.9,,,,,72.72,22.79,,,25.71,2.3,,,,,,,,,,,,,21.59,31.33,,,,,,,,,
30-May-2015,22:15,30-May-2015,22:30,Maharashtra,Navi Mumbai,Airoli, Navi Mumbai - MPCB,,,,,,74.5,,,,,72.89,22.82,,,25.77,2.29,,,,,,,,,,,,,20.54,31.25,,,,,,,,,
30-May-2015,22:30,30-May-2015,22:45,Maharashtra,Navi Mumbai,Airoli, Navi Mumbai - MPCB,,,,,,75.04,,,,,76.57,23.56,,,25.63,2.3,,,,,,,,,,,,,20.22,31.25,,,,,,,,,
30-May-2015,22:45,30-May-2015,23:00,Maharashtra,Navi Mumbai,Airoli, Navi Mumbai - MPCB,,,,,,75.31,,,,,72.45,22.73,,,25.51,2.29,,,,,,,,,,,,,21.6,31.15,,,,,,,,,
30-May-2015,23:00,30-May-2015,23:15,Maharashtra,Navi Mumbai,Airoli, Navi Mumbai - MPCB,0.01,176.0,,,,75.65,,,,,73.02,22.85,,,25.44,2.3,,,,,,,,,,,,,20.88,31.1,,,,,,,,,
30-May-2015,23:15,30-May-2015,23:30,Maharashtra,Navi Mumbai,Airoli, Navi Mumbai - MPCB,0.01,174.0,,,,75.14,,,,,62.61,20.76,,,25.53,2.28,,,,,,,,,,,,,20.45,31.33,,,,,,,,,
30-May-2015,23:30,30-May-2015,23:45,Maharashtra,Navi Mumbai,Airoli, Navi Mumbai - MPCB,,,,,,75.44,,,,,52.1,18.66,,,25.84,2.28,,,,,,,,,,,,,20.25,31.29,,,,,,,,,
30-May-2015,23:45,31-May-2015,00:00,Maharashtra,Navi Mumbai,Airoli, Navi Mumbai - MPCB,,,,,,75.94,,,,,49.22,18.09,,,25.66,2.28,,,,,,,,,,,,,20.31,31.15,,,,,,,,,
31-May-2015,00:00,31-May-2015,00:15,Maharashtra,Navi Mumbai,Airoli, Navi Mumbai - MPCB,0.01,31.0,,,,76.19,,,,,61.74,20.59,,,25.58,2.3,,,,,,,,,,,,,20.38,31.02,,,,,,,,,
31-May-2015,00:15,31-May-2015,00:30,Maharashtra,Navi Mumbai,Airoli, Navi Mumbai - MPCB,,,,,,76.49,,,,,69.77,22.2,,,25.78,2.3,,,,,,,,,,,,,20.69,30.79,,,,,,,,,
31-May-2015,00:30,31-May-2015,00:45,Maharashtra,Navi Mumbai,Airoli, Navi Mumbai - MPCB,0.11,55.5,,,,77.77,,,,,69.68,22.18,,,25.67,2.28,,,,,,,,,,,,,20.41,30.7,,,,,,,,,
31-May-2015,00:45,31-May-2015,01:00,Maharashtra,Navi Mumbai,Airoli, Navi Mumbai - MPCB,0.12,45.88,,,,78.77,,,,,65.07,21.26,,,25.82,2.3,,,,,,,,,,,,,20.44,30.76,,,,,,,,,
31-May-2015,01:00,31-May-2015,01:15,Maharashtra,Navi Mumbai,Airoli, Navi Mumbai - MPCB,0.02,46.17,,,,79.14,,,,,73.47,22.94,,,25.85,2.32,,,,,,,,,,,,,20.27,30.6,,,,,,,,,
31-May-2015,01:15,31-May-2015,01:30,Maharashtra,Navi Mumbai,Airoli, Navi Mumbai - MPCB,0.05,50.07,,,,79.52,,,,,68.41,21.92,,,25.92,2.3,,,,,,,,,,,,,19.65,30.71,,,,,,,,,
31-May-2015,01:30,31-May-2015,01:45,Maharashtra,Navi Mumbai,Airoli, Navi Mumbai - MPCB,0.22,52.22,,,,79.72,,,,,64.13,21.07,,,25.67,2.28,,,,,,,,,,,,,20.28,30.49,,,,,,,,,
31-May-2015,01:45,31-May-2015,02:00,Maharashtra,Navi Mumbai,Airoli, Navi Mumbai - MPCB,0.03,322.32,,,,79.93,,,,,55.91,19.42,,,25.79,2.32,,,,,,,,,,,,,20.03,30.5,,,,,,,,,
31-May-2015,02:00,31-May-2015,02:15,Maharashtra,Navi Mumbai,Airoli, Navi Mumbai - MPCB,0.08,66.41,,,,80.19,,,,,52.73,18.79,,,25.73,2.32,,,,,,,,,,,,,19.96,30.42,,,,,,,,,
31-May-2015,02:15,31-May-2015,02:30,Maharashtra,Navi Mumbai,Airoli, Navi Mumbai - MPCB,0.12,13.44,,,,80.3,,,,,48.05,17.85,,,25.64,2.32,,,,,,,,,,,,,19.27,30.4,,,,,,,,,
31-May-2015,02:30,31-May-2015,02:45,Maharashtra,Navi Mumbai,Airoli, Navi Mumbai - MPCB,0.18,52.27,,,,80.04,,,,,47.35,17.71,,,25.51,2.33,,,,,,,,,,,,,19.28,30.31,,,,,,,,,
31-May-2015,02:45,31-May-2015,03:00,Maharashtra,Navi Mumbai,Airoli, Navi Mumbai - MPCB,0.03,13.3,,,,79.75,,,,,52.58,18.76,,,25.77,2.32,,,,,,,,,,,,,19.28,30.24,,,,,,,,,
31-May-2015,03:00,31-May-2015,03:15,Maharashtra,Navi Mumbai,Airoli, Navi Mumbai - MPCB,0.03,69.52,,,,79.88,,,,,53.97,19.04,,,25.94,2.31,,,,,,,,,,,,,19.34,30.19,,,,,,,,,
31-May-2015,03:15,31-May-2015,03:30,Maharashtra,Navi Mumbai,Airoli, Navi Mumbai - MPCB,0.21,36.99,,,,80.4,,,,,71.33,22.51,,,26.07,2.29,,,,,,,,,,,,,19.67,30.1,,,,,,,,,
31-May-2015,03:30,31-May-2015,03:45,Maharashtra,Navi Mumbai,Airoli, Navi Mumbai - MPCB,0.24,60.47,,,,80.67,,,,,89.08,26.06,,,25.82,2.29,,,,,,,,,,,,,19.68,30.06,,,,,,,,,
31-May-2015,03:45,31-May-2015,04:00,Maharashtra,Navi Mumbai,Airoli, Navi Mumbai - MPCB,0.46,46.93,,,,81.34,,,,,105.25,29.29,,,25.96,2.3,,,,,,,,,,,,,19.54,30.03,,,,,,,,,
31-May-2015,04:00,31-May-2015,04:15,Maharashtra,Navi Mumbai,Airoli, Navi Mumbai - MPCB,0.48,48.9,,,,82.28,,,,,103.8,29.0,,,25.97,2.3,,,,,,,,,,,,,19.92,29.91,,,,,,,,,
31-May-2015,04:15,31-May-2015,04:30,Maharashtra,Navi Mumbai,Airoli, Navi Mumbai - MPCB,0.14,49.21,,,,83.17,,,,,104.73,29.19,,,25.94,2.29,,,,,,,,,,,,,19.83,29.81,,,,,,,,,
31-May-2015,04:30,31-May-2015,04:45,Maharashtra,Navi Mumbai,Airoli, Navi Mumbai - MPCB,0.01,49.0,,,,83.76,,,,,105.68,29.38,,,26.0,2.3,,,,,,,,,,,,,19.51,29.73,,,,,,,,,
31-May-2015,04:45,31-May-2015,05:00,Maharashtra,Navi Mumbai,Airoli, Navi Mumbai - MPCB,0.01,54.0,,,,84.39,,,,,104.1,29.06,,,25.87,2.32,,,,,,,,,,,,,18.74,29.46,,,,,,,,,
31-May-2015,05:00,31-May-2015,05:15,Maharashtra,Navi Mumbai,Airoli, Navi Mumbai - MPCB,,,,,,85.39,,,,,109.75,30.19,,,25.84,2.32,,,,,,,,,,,,,19.12,29.19,,,,,,,,,
31-May-2015,05:15,31-May-2015,05:30,Maharashtra,Navi Mumbai,Airoli, Navi Mumbai - MPCB,,,,,,86.24,,,,,105.07,29.26,,,25.89,2.35,,,,,,,,,,,,,19.58,28.98,,,,,,,,,
31-May-2015,05:30,31-May-2015,05:45,Maharashtra,Navi Mumbai,Airoli, Navi Mumbai - MPCB,,,,,,87.03,,,,,109.37,30.12,,,26.0,2.31,,,,,,,,,,,,,18.74,28.88,,,,,,,,,
31-May-2015,05:45,31-May-2015,06:00,Maharashtra,Navi Mumbai,Airoli, Navi Mumbai - MPCB,,,,,,87.57,,,,,97.47,27.74,,,25.97,2.32,,,,,,,,,,,,,19.23,28.7,,,,,,,,,
31-May-2015,06:00,31-May-2015,06:15,Maharashtra,Navi Mumbai,Airoli, Navi Mumbai - MPCB,,,,,,88.21,,,,,83.96,25.03,,,25.88,2.32,,,,,,,,,,,,,19.56,28.56,,,,,,,,,
31-May-2015,06:15,31-May-2015,06:30,Maharashtra,Navi Mumbai,Airoli, Navi Mumbai - MPCB,,,,,,88.64,,,,,74.89,23.22,,,25.72,2.32,,,,,,,,,,,,,19.3,28.41,,,,,,,,,
31-May-2015,06:30,31-May-2015,06:45,Maharashtra,Navi Mumbai,Airoli, Navi Mumbai - MPCB,,,,,,88.84,,,,,77.48,23.74,,,25.92,2.35,,,,,,,,,,,,,19.72,28.46,,,,,,,,,
31-May-2015,06:45,31-May-2015,07:00,Maharashtra,Navi Mumbai,Airoli, Navi Mumbai - MPCB,,,,,,88.71,10.22,,,,81.39,24.52,,,25.8,2.34,,,,,,,,,,,,,19.62,28.7,,,,,,,,,
31-May-2015,07:00,31-May-2015,07:15,Maharashtra,Navi Mumbai,Airoli, Navi Mumbai - MPCB,,,,,,88.06,44.29,,,,81.82,24.61,,,25.91,2.31,,,,,,,,,,,,,19.79,29.06,,,,,,,,,
31-May-2015,07:15,31-May-2015,07:30,Maharashtra,Navi Mumbai,Airoli, Navi Mumbai - MPCB,,,,,,86.17,82.91,,,,83.44,24.93,,,25.92,2.3,,,,,,,,,,,,,19.65,29.58,,,,,,,,,
31-May-2015,07:30,31-May-2015,07:45,Maharashtra,Navi Mumbai,Airoli, Navi Mumbai - MPCB,,,,,,83.32,121.79,,,,81.49,24.54,,,26.04,2.34,,,,,,,,,,,,,19.84,30.27,,,,,,,,,
31-May-2015,07:45,31-May-2015,08:00,Maharashtra,Navi Mumbai,Airoli, Navi Mumbai - MPCB,0.07,77.4,,,,80.39,168.63,,,,63.51,20.94,,,25.85,2.32,,,,,,,,,,,,,19.65,30.77,,,,,,,,,
31-May-2015,08:00,31-May-2015,08:15,Maharashtra,Navi Mumbai,Airoli, Navi Mumbai - MPCB,0.06,0.63,,,,77.74,217.13,,,,63.77,21.0,,,25.96,2.31,,,,,,,,,,,,,19.25,31.4,,,,,,,,,
31-May-2015,08:15,31-May-2015,08:30,Maharashtra,Navi Mumbai,Airoli, Navi Mumbai - MPCB,0.09,112.95,,,,76.05,157.58,,,,78.95,24.03,,,25.96,2.3,,,,,,,,,,,,,19.97,31.74,,,,,,,,,
31-May-2015,08:30,31-May-2015,08:45,Maharashtra,Navi Mumbai,Airoli, Navi Mumbai - MPCB,0.13,70.31,,,,76.03,216.06,,,,89.71,26.18,,,26.02,2.31,,,,,,,,,,,,,20.16,31.62,,,,,,,,,
31-May-2015,08:45,31-May-2015,09:00,Maharashtra,Navi Mumbai,Airoli, Navi Mumbai - MPCB,0.09,316.95,,,,75.33,332.07,,,,73.68,22.98,,,25.95,2.31,,,,,,,,,,,,,19.95,31.79,,,,,,,,,
31-May-2015,09:00,31-May-2015,09:15,Maharashtra,Navi Mumbai,Airoli, Navi Mumbai - MPCB,0.2,5.9,,,,73.22,373.24,,,,61.68,20.58,,,25.84,2.3,,,,,,,,,,,,,20.3,32.15,,,,,,,,,
31-May-2015,09:15,31-May-2015,09:30,Maharashtra,Navi Mumbai,Airoli, Navi Mumbai - MPCB,0.23,335.54,,,,72.19,461.53,,,,66.57,21.56,,,25.83,2.32,,,,,,,,,,,,,20.37,32.46,,,,,,,,,
31-May-2015,09:30,31-May-2015,09:45,Maharashtra,Navi Mumbai,Airoli, Navi Mumbai - MPCB,0.11,281.34,,,,69.27,444.63,,,,70.16,22.27,,,26.12,2.31,,,,,,,,,,,,,20.23,32.91,,,,,,,,,
31-May-2015,09:45,31-May-2015,10:00,Maharashtra,Navi Mumbai,Airoli, Navi Mumbai - MPCB,0.07,352.02,,,,65.28,535.62,,,,69.29,22.1,,,25.8,2.3,,,,,,,,,,,,,20.68,33.55,,,,,,,,,
31-May-2015,10:00,31-May-2015,10:15,Maharashtra,Navi Mumbai,Airoli, Navi Mumbai - MPCB,0.03,305.21,,,,60.06,569.8,,,,68.82,22.01,,,25.8,2.29,,,,,,,,,,,,,20.28,34.51,,,,,,,,,
31-May-2015,10:15,31-May-2015,10:30,Maharashtra,Navi Mumbai,Airoli, Navi Mumbai - MPCB,0.14,262.8,,,,56.79,605.62,,,,71.91,22.62,,,25.9,2.28,,,,,,,,,,,,,20.11,34.97,,,,,,,,,
31-May-2015,10:30,31-May-2015,10:45,Maharashtra,Navi Mumbai,Airoli, Navi Mumbai - MPCB,0.33,296.82,,,,55.98,645.39,,,,79.21,24.08,,,25.91,2.29,,,,,,,,,,,,,20.33,34.66,,,,,,,,,
31-May-2015,10:45,31-May-2015,11:00,Maharashtra,Navi Mumbai,Airoli, Navi Mumbai - MPCB,0.36,230.57,,,,55.73,665.19,,,,91.68,26.58,,,25.78,2.29,,,,,,,,,,,,,20.21,34.84,,,,,,,,,
31-May-2015,11:00,31-May-2015,11:15,Maharashtra,Navi Mumbai,Airoli, Navi Mumbai - MPCB,0.12,148.07,,,,53.44,684.49,,,,92.05,26.65,,,25.83,2.32,,,,,,,,,,,,,19.94,35.62,,,,,,,,,
31-May-2015,11:15,31-May-2015,11:30,Maharashtra,Navi Mumbai,Airoli, Navi Mumbai - MPCB,0.18,280.93,,,,51.22,702.26,,,,83.68,24.98,,,25.78,2.27,,,,,,,,,,,,,19.79,36.15,,,,,,,,,
31-May-2015,11:30,31-May-2015,11:45,Maharashtra,Navi Mumbai,Airoli, Navi Mumbai - MPCB,0.17,282.61,,,,51.56,723.4,,,,67.43,21.73,,,26.0,2.29,,,,,,,,,,,,,19.71,35.88,,,,,,,,,
31-May-2015,11:45,31-May-2015,12:00,Maharashtra,Navi Mumbai,Airoli, Navi Mumbai - MPCB,0.56,218.28,,,,50.79,736.94,,,,65.96,21.43,,,25.92,2.28,,,,,,,,,,,,,19.37,36.19,,,,,,,,,
31-May-2015,12:00,31-May-2015,12:15,Maharashtra,Navi Mumbai,Airoli, Navi Mumbai - MPCB,0.23,236.76,,,,50.89,747.88,,,,61.98,20.64,,,25.86,2.24,,,,,,,,,,,,,19.34,36.66,,,,,,,,,
31-May-2015,12:15,31-May-2015,12:30,Maharashtra,Navi Mumbai,Airoli, Navi Mumbai - MPCB,0.78,230.57,,,,53.77,765.88,,,,65.5,21.34,,,26.19,2.28,,,,,,,,,,,,,19.69,36.68,,,,,,,,,
31-May-2015,12:30,31-May-2015,12:45,Maharashtra,Navi Mumbai,Airoli, Navi Mumbai - MPCB,0.9,223.18,,,,57.25,769.36,,,,71.49,22.54,,,25.91,2.27,,,,,,,,,,,,,19.07,36.37,,,,,,,,,
31-May-2015,12:45,31-May-2015,13:00,Maharashtra,Navi Mumbai,Airoli, Navi Mumbai - MPCB,0.78,288.15,,,,57.47,758.64,,,,74.0,23.04,,,26.07,2.26,,,,,,,,,,,,,19.48,36.41,,,,,,,,,
31-May-2015,13:00,31-May-2015,13:15,Maharashtra,Navi Mumbai,Airoli, Navi Mumbai - MPCB,0.76,242.14,,,,56.15,744.29,,,,68.73,21.99,,,25.98,2.23,,,,,,,,,,,,,18.67,36.54,,,,,,,,,
31-May-2015,13:15,31-May-2015,13:30,Maharashtra,Navi Mumbai,Airoli, Navi Mumbai - MPCB,0.6,230.98,,,,55.51,718.05,,,,58.87,20.02,,,26.32,2.24,,,,,,,,,,,,,19.37,36.85,,,,,,,,,
31-May-2015,13:30,31-May-2015,13:45,Maharashtra,Navi Mumbai,Airoli, Navi Mumbai - MPCB,0.96,231.41,,,,55.55,662.17,,,,68.0,21.84,,,26.37,2.21,,,,,,,,,,,,,18.82,36.9,,,,,,,,,
31-May-2015,13:45,31-May-2015,14:00,Maharashtra,Navi Mumbai,Airoli, Navi Mumbai - MPCB,1.75,213.4,,,,55.18,660.13,,,,79.42,24.13,,,26.48,2.21,,,,,,,,,,,,,18.64,36.71,,,,,,,,,
31-May-2015,14:00,31-May-2015,14:15,Maharashtra,Navi Mumbai,Airoli, Navi Mumbai - MPCB,0.98,220.48,,,,55.82,639.54,,,,88.7,25.98,,,26.82,2.21,,,,,,,,,,,,,18.01,36.62,,,,,,,,,
31-May-2015,14:15,31-May-2015,14:30,Maharashtra,Navi Mumbai,Airoli, Navi Mumbai - MPCB,0.98,214.44,,,,55.81,602.16,,,,83.71,24.98,,,26.96,2.25,,,,,,,,,,,,,18.04,36.38,,,,,,,,,
31-May-2015,14:30,31-May-2015,14:45,Maharashtra,Navi Mumbai,Airoli, Navi Mumbai - MPCB,0.74,233.96,,,,53.25,469.35,,,,66.23,21.49,,,26.58,2.25,,,,,,,,,,,,,19.92,36.78,,,,,,,,,
31-May-2015,14:45,31-May-2015,15:00,Maharashtra,Navi Mumbai,Airoli, Navi Mumbai - MPCB,0.35,176.92,,,,49.18,340.65,,,,55.94,19.43,,,26.47,2.25,,,,,,,,,,,,,19.51,37.43,,,,,,,,,
31-May-2015,15:00,31-May-2015,15:15,Maharashtra,Navi Mumbai,Airoli, Navi Mumbai - MPCB,0.11,262.54,,,,51.21,347.5,,,,57.32,19.71,,,26.85,2.31,,,,,,,,,,,,,19.18,37.06,,,,,,,,,
31-May-2015,15:15,31-May-2015,15:30,Maharashtra,Navi Mumbai,Airoli, Navi Mumbai - MPCB,0.32,215.35,,,,48.93,258.91,,,,77.97,23.84,,,26.79,2.3,,,,,,,,,,,,,20.28,36.94,,,,,,,,,
31-May-2015,15:30,31-May-2015,15:45,Maharashtra,Navi Mumbai,Airoli, Navi Mumbai - MPCB,0.28,188.78,,,,50.15,164.19,,,,88.2,25.88,,,26.67,2.29,,,,,,,,,,,,,20.32,36.94,,,,,,,,,
31-May-2015,15:45,31-May-2015,16:00,Maharashtra,Navi Mumbai,Airoli, Navi Mumbai - MPCB,0.16,281.24,,,,51.64,123.09,,,,89.49,26.14,,,26.26,2.33,,,,,,,,,,,,,20.37,36.83,,,,,,,,,
31-May-2015,16:00,31-May-2015,16:15,Maharashtra,Navi Mumbai,Airoli, Navi Mumbai - MPCB,,,,,,,,,,,,,,,,,,,,,,,,,,,,,,,,,,,,,,,
31-May-2015,16:15,31-May-2015,16:30,Maharashtra,Navi Mumbai,Airoli, Navi Mumbai - MPCB,,,,,,,,,,,,,,,,,,,,,,,,,,,,,,,,,,,,,,,
31-May-2015,16:30,31-May-2015,16:45,Maharashtra,Navi Mumbai,Airoli, Navi Mumbai - MPCB,0.33,206.91,,,,56.55,101.35,,,,69.36,22.11,,,54.29,2.35,,,,,,,,,,,,,18.21,35.49,,,,,,,,,
31-May-2015,16:45,31-May-2015,17:00,Maharashtra,Navi Mumbai,Airoli, Navi Mumbai - MPCB,0.53,234.23,,,,57.71,81.07,,,,62.5,20.74,,,34.53,2.35,,,,,,,,,,,,,19.06,35.16,,,,,,,,,
31-May-2015,17:00,31-May-2015,17:15,Maharashtra,Navi Mumbai,Airoli, Navi Mumbai - MPCB,0.85,210.7,,,,58.52,71.34,,,,58.24,19.89,,,40.23,2.37,,,,,,,,,,,,,19.38,34.77,,,,,,,,,
31-May-2015,17:15,31-May-2015,17:30,Maharashtra,Navi Mumbai,Airoli, Navi Mumbai - MPCB,0.56,239.15,,,,59.99,60.41,,,,56.44,19.53,,,34.54,2.36,,,,,,,,,,,,,19.1,34.43,,,,,,,,,
31-May-2015,17:30,31-May-2015,17:45,Maharashtra,Navi Mumbai,Airoli, Navi Mumbai - MPCB,0.91,248.13,,,,60.52,59.0,,,,39.2,16.08,,,29.75,2.39,,,,,,,,,,,,,19.23,34.11,,,,,,,,,
31-May-2015,17:45,31-May-2015,18:00,Maharashtra,Navi Mumbai,Airoli, Navi Mumbai - MPCB,0.63,197.54,,,,60.38,39.8,,,,31.32,14.51,,,27.68,2.4,,,,,,,,,,,,,19.77,34.05,,,,,,,,,
31-May-2015,18:00,31-May-2015,18:15,Maharashtra,Navi Mumbai,Airoli, Navi Mumbai - MPCB,0.6,235.42,,,,62.61,31.13,,,,42.96,16.83,,,26.66,2.4,,,,,,,,,,,,,20.08,33.72,,,,,,,,,
31-May-2015,18:15,31-May-2015,18:30,Maharashtra,Navi Mumbai,Airoli, Navi Mumbai - MPCB,0.73,218.52,,,,64.45,22.16,,,,64.13,21.07,,,26.45,2.38,,,,,,,,,,,,,20.29,33.29,,,,,,,,,
31-May-2015,18:30,31-May-2015,18:45,Maharashtra,Navi Mumbai,Airoli, Navi Mumbai - MPCB,0.47,237.93,,,,65.77,8.27,,,,72.35,22.71,,,26.36,2.43,,,,,,,,,,,,,20.28,33.08,,,,,,,,,
31-May-2015,18:45,31-May-2015,19:00,Maharashtra,Navi Mumbai,Airoli, Navi Mumbai - MPCB,0.41,204.92,,,,67.3,0.93,,,,66.35,21.51,,,26.39,2.43,,,,,,,,,,,,,20.23,32.78,,,,,,,,,
31-May-2015,19:00,31-May-2015,19:15,Maharashtra,Navi Mumbai,Airoli, Navi Mumbai - MPCB,0.51,206.94,,,,68.39,,,,,69.24,22.09,,,26.37,2.4,,,,,,,,,,,,,20.75,32.51,,,,,,,,,
31-May-2015,19:15,31-May-2015,19:30,Maharashtra,Navi Mumbai,Airoli, Navi Mumbai - MPCB,0.32,228.72,,,,69.51,,,,,76.31,23.5,,,26.36,2.4,,,,,,,,,,,,,21.22,32.28,,,,,,,,,
31-May-2015,19:30,31-May-2015,19:45,Maharashtra,Navi Mumbai,Airoli, Navi Mumbai - MPCB,0.31,253.16,,,,71.01,,,,,83.86,25.01,,,26.39,2.41,,,,,,,,,,,,,20.48,31.92,,,,,,,,,
31-May-2015,19:45,31-May-2015,20:00,Maharashtra,Navi Mumbai,Airoli, Navi Mumbai - MPCB,0.49,201.33,,,,71.56,,,,,69.95,22.23,,,26.06,2.4,,,,,,,,,,,,,20.25,31.84,,,,,,,,,
31-May-2015,20:00,31-May-2015,20:15,Maharashtra,Navi Mumbai,Airoli, Navi Mumbai - MPCB,0.28,211.77,,,,72.18,,,,,60.54,20.35,,,26.09,2.43,,,,,,,,,,,,,21.04,31.74,,,,,,,,,
31-May-2015,20:15,31-May-2015,20:30,Maharashtra,Navi Mumbai,Airoli, Navi Mumbai - MPCB,0.5,226.8,,,,73.66,,,,,66.36,21.51,,,26.3,2.41,,,,,,,,,,,,,21.21,31.45,,,,,,,,,
31-May-2015,20:30,31-May-2015,20:45,Maharashtra,Navi Mumbai,Airoli, Navi Mumbai - MPCB,0.28,242.72,,,,74.05,,,,,75.11,23.26,,,26.28,2.41,,,,,,,,,,,,,21.62,31.32,,,,,,,,,
31-May-2015,20:45,31-May-2015,21:00,Maharashtra,Navi Mumbai,Airoli, Navi Mumbai - MPCB,0.09,248.04,,,,74.02,,,,,71.28,22.5,,,25.86,2.42,,,,,,,,,,,,,21.48,31.26,,,,,,,,,
31-May-2015,21:00,31-May-2015,21:15,Maharashtra,Navi Mumbai,Airoli, Navi Mumbai - MPCB,0.07,206.97,,,,74.52,,,,,58.28,19.9,,,26.13,2.42,,,,,,,,,,,,,21.27,31.2,,,,,,,,,
31-May-2015,21:15,31-May-2015,21:30,Maharashtra,Navi Mumbai,Airoli, Navi Mumbai - MPCB,0.41,271.23,,,,74.57,,,,,49.33,18.11,,,25.74,2.42,,,,,,,,,,,,,20.8,31.2,,,,,,,,,
31-May-2015,21:30,31-May-2015,21:45,Maharashtra,Navi Mumbai,Airoli, Navi Mumbai - MPCB,0.27,209.85,,,,74.65,,,,,56.5,19.54,,,25.85,2.42,,,,,,,,,,,,,21.32,31.21,,,,,,,,,
31-May-2015,21:45,31-May-2015,22:00,Maharashtra,Navi Mumbai,Airoli, Navi Mumbai - MPCB,0.14,282.32,,,,74.97,,,,,76.26,23.49,,,25.86,2.43,,,,,,,,,,,,,21.21,31.07,,,,,,,,,
31-May-2015,22:00,31-May-2015,22:15,Maharashtra,Navi Mumbai,Airoli, Navi Mumbai - MPCB,0.25,309.89,,,,74.66,,,,,84.88,25.22,,,25.94,2.45,,,,,,,,,,,,,20.73,31.17,,,,,,,,,
31-May-2015,22:15,31-May-2015,22:30,Maharashtra,Navi Mumbai,Airoli, Navi Mumbai - MPCB,0.35,250.9,,,,74.69,,,,,75.32,23.31,,,25.65,2.45,,,,,,,,,,,,,21.88,31.13,,,,,,,,,
31-May-2015,22:30,31-May-2015,22:45,Maharashtra,Navi Mumbai,Airoli, Navi Mumbai - MPCB,0.29,258.27,,,,74.9,,,,,61.69,20.58,,,25.49,2.47,,,,,,,,,,,,,20.13,31.05,,,,,,,,,
31-May-2015,22:45,31-May-2015,23:00,Maharashtra,Navi Mumbai,Airoli, Navi Mumbai - MPCB,0.67,223.52,,,,74.66,,,,,66.77,21.6,,,26.2,2.46,,,,,,,,,,,,,20.11,30.99,,,,,,,,,
31-May-2015,23:00,31-May-2015,23:15,Maharashtra,Navi Mumbai,Airoli, Navi Mumbai - MPCB,0.19,292.87,,,,74.99,,,,,72.28,22.7,,,27.99,2.43,,,,,,,,,,,,,21.09,31.01,,,,,,,,,
31-May-2015,23:15,31-May-2015,23:30,Maharashtra,Navi Mumbai,Airoli, Navi Mumbai - MPCB,0.47,252.46,,,,75.14,,,,,75.46,23.33,,,26.99,2.45,,,,,,,,,,,,,21.6,30.89,,,,,,,,,
31-May-2015,23:30,31-May-2015,23:45,Maharashtra,Navi Mumbai,Airoli, Navi Mumbai - MPCB,0.75,243.01,,,,75.3,,,,,62.6,20.76,,,26.06,2.49,,,,,,,,,,,,,19.79,30.86,,,,,,,,,
31-May-2015,23:45,01-Jun-2015,00:00,Maharashtra,Navi Mumbai,Airoli, Navi Mumbai - MPCB,0.41,221.19,,,,75.73,,,,,49.14,18.07,,,26.15,2.48,,,,,,,,,,,,,19.75,30.86,,,,,,,,,